run1: cofg = -0.05
6.0000000e+02	1.7644062e-02	1.6876963e-02	2.5236714e-02	3.0262419e-02	-5.0257049e-03
4.3500000e+02	6.7212704e-02	1.7085840e-02	1.0270549e-01	1.1856545e-01	-1.5859959e-02
4.2400000e+02	1.1925279e-01	1.9355683e-02	1.8933358e-01	2.1391958e-01	-2.4586005e-02
run 2: cofg=0.05
6.0000000e+02	2.6271998e-02	1.6876963e-02	2.5236714e-02	3.8890355e-02	-1.3653641e-02
4.3500000e+02	1.0232569e-01	1.7085840e-02	1.0270549e-01	1.5367844e-01	-5.0972947e-02
4.2400000e+02	1.8398222e-01	1.9355683e-02	1.8933358e-01	2.7864901e-01	-8.9315433e-02
run 3: cofg = 0.10
6.0000000e+02	3.0585966e-02	1.6876963e-02	2.5236714e-02	4.3204323e-02	-1.7967609e-02
4.3500000e+02	1.1988219e-01	1.7085840e-02	1.0270549e-01	1.7123493e-01	-6.8529441e-02
4.2400000e+02	2.1634693e-01	1.9355683e-02	1.8933358e-01	3.1101372e-01	-1.2168015e-01
run 4: cofg = 0.15
6.0000000e+02	3.4899935e-02	1.6876963e-02	2.5236714e-02	4.7518291e-02	-2.2281578e-02
4.3500000e+02	1.3743868e-01	1.7085840e-02	1.0270549e-01	1.8879143e-01	-8.6085935e-02
4.2400000e+02	2.4871165e-01	1.9355683e-02	1.8933358e-01	3.4337844e-01	-1.5404486e-01
run 5: cofg = 0.20
6.0000000e+02	3.9213903e-02	1.6876963e-02	2.5236714e-02	5.1832260e-02	-2.6595546e-02
4.3500000e+02	1.5499517e-01	1.7085840e-02	1.0270549e-01	2.0634792e-01	-1.0364243e-01
4.2400000e+02	2.8107636e-01	1.9355683e-02	1.8933358e-01	3.7574315e-01	-1.8640957e-01
