# Force coefficients
# liftDir     : (0.0000000e+00 0.0000000e+00 1.0000000e+00)
# dragDir     : (1.0000000e+00 0.0000000e+00 0.0000000e+00)
# pitchAxis   : (0.0000000e+00 1.0000000e+00 0.0000000e+00)
# magUInf     : 4.4700000e+01
# lRef        : 2.9250000e-01
# Aref        : 5.3500000e-01
# CofR        : (0.0000000e+00 0.0000000e+00 0.0000000e+00)
# Time        	Cm            	Cd            	Cl            	Cl(f)         	Cl(r)         	Cm	Cd	Cl	Cl(f)	Cl(r)
1.0000000e+00	-4.0259960e-03	8.5287691e-02	-2.5317352e-02	-1.6684672e-02	-8.6326802e-03
2.0000000e+00	-2.2212104e-02	1.0101138e-01	-5.8174925e-02	-5.1299567e-02	-6.8753587e-03
3.0000000e+00	-2.8794103e-02	9.7465718e-02	-6.9607918e-02	-6.3598062e-02	-6.0098560e-03
4.0000000e+00	-2.3475164e-02	6.4223729e-02	-5.7053046e-02	-5.2001687e-02	-5.0513597e-03
5.0000000e+00	-9.9201420e-03	1.6663200e-02	-3.6627605e-02	-2.8233944e-02	-8.3936604e-03
6.0000000e+00	4.5746783e-03	-1.1425611e-02	-3.1190079e-02	-1.1020361e-02	-2.0169718e-02
7.0000000e+00	1.0584146e-02	-3.8994374e-03	-4.6878243e-02	-1.2854976e-02	-3.4023267e-02
8.0000000e+00	1.0513296e-02	2.3701404e-02	-7.3183262e-02	-2.6078335e-02	-4.7104927e-02
9.0000000e+00	5.5460426e-03	5.2985397e-02	-9.8196975e-02	-4.3552445e-02	-5.4644530e-02
1.0000000e+01	8.6541841e-05	6.2317925e-02	-1.0396183e-01	-5.1894371e-02	-5.2067455e-02
1.1000000e+01	-2.2070799e-03	5.1034281e-02	-9.3163746e-02	-4.8788953e-02	-4.4374793e-02
1.2000000e+01	-1.0873567e-03	2.9934784e-02	-7.5445238e-02	-3.8809975e-02	-3.6635262e-02
1.3000000e+01	3.5524800e-03	1.2734127e-02	-6.3530243e-02	-2.8212641e-02	-3.5317601e-02
1.4000000e+01	8.9417820e-03	8.8783674e-03	-6.5448893e-02	-2.3782665e-02	-4.1666229e-02
1.5000000e+01	1.2765342e-02	1.6388876e-02	-7.7655891e-02	-2.6062603e-02	-5.1593287e-02
1.6000000e+01	1.3069609e-02	2.8995818e-02	-9.3444062e-02	-3.3652422e-02	-5.9791640e-02
1.7000000e+01	9.3978494e-03	3.8649925e-02	-1.0352856e-01	-4.2366429e-02	-6.1162128e-02
1.8000000e+01	3.9508909e-03	4.0976552e-02	-1.0401187e-01	-4.8055043e-02	-5.5956825e-02
1.9000000e+01	-7.6614760e-04	3.6811681e-02	-9.7008864e-02	-4.9270580e-02	-4.7738285e-02
2.0000000e+01	-2.5577657e-03	2.9429817e-02	-8.6982193e-02	-4.6048862e-02	-4.0933331e-02
2.1000000e+01	-1.0402988e-03	2.3407976e-02	-8.0120571e-02	-4.1100584e-02	-3.9019987e-02
2.2000000e+01	1.7974460e-03	2.1539478e-02	-7.9486305e-02	-3.7945707e-02	-4.1540599e-02
2.3000000e+01	3.6066563e-03	2.3679648e-02	-8.4280564e-02	-3.8533626e-02	-4.5746938e-02
2.4000000e+01	2.7606522e-03	2.8078578e-02	-9.1833803e-02	-4.3156249e-02	-4.8677554e-02
2.5000000e+01	-1.6114861e-03	3.2971553e-02	-1.0010674e-01	-5.1664858e-02	-4.8441886e-02
2.6000000e+01	-5.0048486e-03	3.3751892e-02	-1.0014289e-01	-5.5076292e-02	-4.5066595e-02
2.7000000e+01	-7.7460031e-03	3.2100876e-02	-9.5887600e-02	-5.5689803e-02	-4.0197797e-02
2.8000000e+01	-8.6775282e-03	2.9201672e-02	-8.9841969e-02	-5.3598513e-02	-3.6243456e-02
2.9000000e+01	-7.9676317e-03	2.6924186e-02	-8.5957308e-02	-5.0946286e-02	-3.5011022e-02
3.0000000e+01	-6.7609085e-03	2.6127032e-02	-8.5476780e-02	-4.9499298e-02	-3.5977481e-02
3.1000000e+01	-6.0008880e-03	2.6731975e-02	-8.8070397e-02	-5.0036087e-02	-3.8034311e-02
3.2000000e+01	-6.3752510e-03	2.8236336e-02	-9.2427526e-02	-5.2589014e-02	-3.9838512e-02
3.3000000e+01	-8.2230290e-03	3.0089876e-02	-9.7427989e-02	-5.6937023e-02	-4.0490965e-02
3.4000000e+01	-9.6542701e-03	3.0413359e-02	-9.7681534e-02	-5.8495037e-02	-3.9186497e-02
3.5000000e+01	-1.0897496e-02	2.9886906e-02	-9.5602719e-02	-5.8698856e-02	-3.6903863e-02
3.6000000e+01	-1.1464909e-02	2.8619773e-02	-9.1332850e-02	-5.7131333e-02	-3.4201516e-02
3.7000000e+01	-1.1234034e-02	2.7856050e-02	-9.0044605e-02	-5.6256337e-02	-3.3788268e-02
3.8000000e+01	-1.0646203e-02	2.7415367e-02	-9.0247692e-02	-5.5770049e-02	-3.4477644e-02
3.9000000e+01	-1.0194915e-02	2.7415104e-02	-9.1813366e-02	-5.6101598e-02	-3.5711768e-02
4.0000000e+01	-1.0252821e-02	2.7777189e-02	-9.3841949e-02	-5.7173796e-02	-3.6668154e-02
4.1000000e+01	-1.0802036e-02	2.8231441e-02	-9.5329995e-02	-5.8467033e-02	-3.6862961e-02
4.2000000e+01	-1.1608252e-02	2.8544924e-02	-9.5882714e-02	-5.9549609e-02	-3.6333105e-02
4.3000000e+01	-1.2385552e-02	2.8582031e-02	-9.5500562e-02	-6.0135833e-02	-3.5364729e-02
4.4000000e+01	-1.2913155e-02	2.8351686e-02	-9.4526958e-02	-6.0176634e-02	-3.4350324e-02
4.5000000e+01	-1.3129448e-02	2.7847066e-02	-9.2850539e-02	-5.9554717e-02	-3.3295821e-02
4.6000000e+01	-1.3027614e-02	2.7569382e-02	-9.2503414e-02	-5.9279321e-02	-3.3224093e-02
4.7000000e+01	-1.2792212e-02	2.7403307e-02	-9.2767321e-02	-5.9175872e-02	-3.3591449e-02
4.8000000e+01	-1.2659907e-02	2.7387328e-02	-9.3488109e-02	-5.9403962e-02	-3.4084147e-02
4.9000000e+01	-1.2832414e-02	2.7535943e-02	-9.4711359e-02	-6.0188093e-02	-3.4523266e-02
5.0000000e+01	-1.3148030e-02	2.7607528e-02	-9.4944418e-02	-6.0620239e-02	-3.4324179e-02
5.1000000e+01	-1.3658347e-02	2.7663325e-02	-9.4790842e-02	-6.1053768e-02	-3.3737074e-02
5.2000000e+01	-1.4172967e-02	2.7637703e-02	-9.4320548e-02	-6.1333241e-02	-3.2987307e-02
5.3000000e+01	-1.4628547e-02	2.7519523e-02	-9.3537316e-02	-6.1397204e-02	-3.2140111e-02
5.4000000e+01	-1.4687163e-02	2.7358300e-02	-9.3286153e-02	-6.1330239e-02	-3.1955914e-02
5.5000000e+01	-1.4611340e-02	2.7179309e-02	-9.3199833e-02	-6.1211256e-02	-3.1988577e-02
5.6000000e+01	-1.4534265e-02	2.7050026e-02	-9.3283315e-02	-6.1175922e-02	-3.2107392e-02
5.7000000e+01	-1.4575346e-02	2.7003061e-02	-9.3536213e-02	-6.1343453e-02	-3.2192760e-02
5.8000000e+01	-1.4747054e-02	2.7019638e-02	-9.3604749e-02	-6.1549429e-02	-3.2055320e-02
5.9000000e+01	-1.5070912e-02	2.7087413e-02	-9.3586901e-02	-6.1864363e-02	-3.1722539e-02
6.0000000e+01	-1.5446549e-02	2.7140842e-02	-9.3447654e-02	-6.2170376e-02	-3.1277278e-02
6.1000000e+01	-1.5746181e-02	2.7133308e-02	-9.3232556e-02	-6.2362459e-02	-3.0870097e-02
6.2000000e+01	-1.5935403e-02	2.7074298e-02	-9.2991193e-02	-6.2430999e-02	-3.0560194e-02
6.3000000e+01	-1.6029992e-02	2.6988919e-02	-9.2756634e-02	-6.2408310e-02	-3.0348325e-02
6.4000000e+01	-1.6051534e-02	2.6905180e-02	-9.2587892e-02	-6.2345480e-02	-3.0242412e-02
6.5000000e+01	-1.6053228e-02	2.6846455e-02	-9.2511280e-02	-6.2308868e-02	-3.0202412e-02
6.6000000e+01	-1.6094647e-02	2.6822792e-02	-9.2490626e-02	-6.2339960e-02	-3.0150666e-02
6.7000000e+01	-1.6185165e-02	2.6811366e-02	-9.2490877e-02	-6.2430603e-02	-3.0060274e-02
6.8000000e+01	-1.6340851e-02	2.6813416e-02	-9.2459901e-02	-6.2570802e-02	-2.9889099e-02
6.9000000e+01	-1.6532642e-02	2.6816896e-02	-9.2377187e-02	-6.2721236e-02	-2.9655952e-02
7.0000000e+01	-1.6711115e-02	2.6811131e-02	-9.2250091e-02	-6.2836160e-02	-2.9413930e-02
7.1000000e+01	-1.6841853e-02	2.6793300e-02	-9.2100522e-02	-6.2892114e-02	-2.9208408e-02
7.2000000e+01	-1.6910702e-02	2.6764945e-02	-9.1955004e-02	-6.2888204e-02	-2.9066800e-02
7.3000000e+01	-1.6931062e-02	2.6730619e-02	-9.1836849e-02	-6.2849486e-02	-2.8987363e-02
7.4000000e+01	-1.6934535e-02	2.6696016e-02	-9.1747704e-02	-6.2808387e-02	-2.8939317e-02
7.5000000e+01	-1.6953696e-02	2.6666399e-02	-9.1676388e-02	-6.2791891e-02	-2.8884498e-02
7.6000000e+01	-1.7021821e-02	2.6648804e-02	-9.1562514e-02	-6.2803078e-02	-2.8759436e-02
7.7000000e+01	-1.7086741e-02	2.6630857e-02	-9.1515795e-02	-6.2844638e-02	-2.8671157e-02
7.8000000e+01	-1.7171719e-02	2.6620565e-02	-9.1454370e-02	-6.2898904e-02	-2.8555466e-02
7.9000000e+01	-1.7311207e-02	2.6630500e-02	-9.1327559e-02	-6.2974987e-02	-2.8352572e-02
8.0000000e+01	-1.7370550e-02	2.6620738e-02	-9.1255560e-02	-6.2998330e-02	-2.8257230e-02
8.1000000e+01	-1.7411245e-02	2.6607869e-02	-9.1177253e-02	-6.2999871e-02	-2.8177382e-02
8.2000000e+01	-1.7442696e-02	2.6591777e-02	-9.1087718e-02	-6.2986555e-02	-2.8101162e-02
8.3000000e+01	-1.7472072e-02	2.6572789e-02	-9.0990073e-02	-6.2967109e-02	-2.8022964e-02
8.4000000e+01	-1.7502817e-02	2.6552691e-02	-9.0887374e-02	-6.2946504e-02	-2.7940870e-02
8.5000000e+01	-1.7538849e-02	2.6531194e-02	-9.0714413e-02	-6.2896056e-02	-2.7818358e-02
8.6000000e+01	-1.7567456e-02	2.6517023e-02	-9.0671403e-02	-6.2903158e-02	-2.7768245e-02
8.7000000e+01	-1.7602747e-02	2.6507703e-02	-9.0638233e-02	-6.2921863e-02	-2.7716370e-02
8.8000000e+01	-1.7649428e-02	2.6502852e-02	-9.0595326e-02	-6.2947091e-02	-2.7648235e-02
8.9000000e+01	-1.7719832e-02	2.6504802e-02	-9.0503849e-02	-6.2971756e-02	-2.7532092e-02
9.0000000e+01	-1.7756833e-02	2.6498785e-02	-9.0445068e-02	-6.2979367e-02	-2.7465702e-02
9.1000000e+01	-1.7784475e-02	2.6489909e-02	-9.0372330e-02	-6.2970640e-02	-2.7401691e-02
9.2000000e+01	-1.7805198e-02	2.6477668e-02	-9.0280714e-02	-6.2945555e-02	-2.7335159e-02
9.3000000e+01	-1.7820103e-02	2.6461967e-02	-9.0177875e-02	-6.2909041e-02	-2.7268835e-02
9.4000000e+01	-1.7831254e-02	2.6445623e-02	-9.0076743e-02	-6.2869625e-02	-2.7207117e-02
9.5000000e+01	-1.7842635e-02	2.6431448e-02	-8.9991292e-02	-6.2838280e-02	-2.7153011e-02
9.6000000e+01	-1.7857908e-02	2.6421948e-02	-8.9922900e-02	-6.2819358e-02	-2.7103542e-02
9.7000000e+01	-1.7878553e-02	2.6416563e-02	-8.9866253e-02	-6.2811679e-02	-2.7054573e-02
9.8000000e+01	-1.7902873e-02	2.6413701e-02	-8.9810299e-02	-6.2808022e-02	-2.7002276e-02
9.9000000e+01	-1.7927770e-02	2.6411095e-02	-8.9748835e-02	-6.2802187e-02	-2.6946647e-02
1.0000000e+02	-1.7948858e-02	2.6407235e-02	-8.9677675e-02	-6.2787696e-02	-2.6889980e-02
1.0100000e+02	-1.7963827e-02	2.6401597e-02	-8.9600196e-02	-6.2763925e-02	-2.6836271e-02
1.0200000e+02	-1.7972195e-02	2.6394819e-02	-8.9519236e-02	-6.2731813e-02	-2.6787423e-02
1.0300000e+02	-1.7976591e-02	2.6387886e-02	-8.9439741e-02	-6.2696461e-02	-2.6743280e-02
1.0400000e+02	-1.7978943e-02	2.6381521e-02	-8.9361986e-02	-6.2659936e-02	-2.6702050e-02
1.0500000e+02	-1.7982110e-02	2.6376469e-02	-8.9288444e-02	-6.2626332e-02	-2.6662112e-02
1.0600000e+02	-1.7987072e-02	2.6372999e-02	-8.9218295e-02	-6.2596220e-02	-2.6622075e-02
1.0700000e+02	-1.7994471e-02	2.6370801e-02	-8.9152788e-02	-6.2570865e-02	-2.6581923e-02
1.0800000e+02	-1.8002154e-02	2.6369191e-02	-8.9088990e-02	-6.2546649e-02	-2.6542341e-02
1.0900000e+02	-1.8008658e-02	2.6367269e-02	-8.9026287e-02	-6.2521801e-02	-2.6504486e-02
1.1000000e+02	-1.8011505e-02	2.6364459e-02	-8.8962032e-02	-6.2492521e-02	-2.6469510e-02
1.1100000e+02	-1.7994824e-02	2.6354540e-02	-8.8834110e-02	-6.2411879e-02	-2.6422231e-02
1.1200000e+02	-1.7998100e-02	2.6353568e-02	-8.8800730e-02	-6.2398465e-02	-2.6402265e-02
1.1300000e+02	-1.7998254e-02	2.6350715e-02	-8.8770753e-02	-6.2383630e-02	-2.6387122e-02
1.1400000e+02	-1.7975911e-02	2.6338744e-02	-8.8695321e-02	-6.2323572e-02	-2.6371750e-02
1.1500000e+02	-1.7972441e-02	2.6333123e-02	-8.8661315e-02	-6.2303099e-02	-2.6358217e-02
1.1600000e+02	-1.7951897e-02	2.6321514e-02	-8.8568266e-02	-6.2236030e-02	-2.6332236e-02
1.1700000e+02	-1.7951970e-02	2.6317331e-02	-8.8533846e-02	-6.2218892e-02	-2.6314953e-02
1.1800000e+02	-1.7950971e-02	2.6313015e-02	-8.8491024e-02	-6.2196483e-02	-2.6294541e-02
1.1900000e+02	-1.7925299e-02	2.6304597e-02	-8.8359196e-02	-6.2104897e-02	-2.6254299e-02
1.2000000e+02	-1.7921193e-02	2.6298596e-02	-8.8323724e-02	-6.2083054e-02	-2.6240669e-02
1.2100000e+02	-1.7913430e-02	2.6290664e-02	-8.8290490e-02	-6.2058675e-02	-2.6231815e-02
1.2200000e+02	-1.7876887e-02	2.6277275e-02	-8.8195076e-02	-6.1974425e-02	-2.6220651e-02
1.2300000e+02	-1.7861440e-02	2.6266656e-02	-8.8164595e-02	-6.1943738e-02	-2.6220857e-02
1.2400000e+02	-1.7826940e-02	2.6252442e-02	-8.8094538e-02	-6.1874208e-02	-2.6220329e-02
1.2500000e+02	-1.7806932e-02	2.6239555e-02	-8.8064816e-02	-6.1839339e-02	-2.6225476e-02
1.2600000e+02	-1.7772467e-02	2.6227270e-02	-8.7998307e-02	-6.1771621e-02	-2.6226686e-02
1.2700000e+02	-1.7740821e-02	2.6218000e-02	-8.7934725e-02	-6.1708184e-02	-2.6226541e-02
1.2800000e+02	-1.7722195e-02	2.6208098e-02	-8.7905762e-02	-6.1675076e-02	-2.6230686e-02
1.2900000e+02	-1.7704662e-02	2.6199575e-02	-8.7873722e-02	-6.1641522e-02	-2.6232199e-02
1.3000000e+02	-1.7669789e-02	2.6198048e-02	-8.7788080e-02	-6.1563829e-02	-2.6224251e-02
1.3100000e+02	-1.7653395e-02	2.6188978e-02	-8.7757730e-02	-6.1532260e-02	-2.6225470e-02
1.3200000e+02	-1.7620011e-02	2.6183443e-02	-8.7680593e-02	-6.1460308e-02	-2.6220285e-02
1.3300000e+02	-1.7608837e-02	2.6173648e-02	-8.7661624e-02	-6.1439649e-02	-2.6221975e-02
1.3400000e+02	-1.7595809e-02	2.6165860e-02	-8.7641023e-02	-6.1416320e-02	-2.6224702e-02
1.3500000e+02	-1.7568132e-02	2.6165225e-02	-8.7577539e-02	-6.1356901e-02	-2.6220638e-02
1.3600000e+02	-1.7559517e-02	2.6159953e-02	-8.7558050e-02	-6.1338542e-02	-2.6219508e-02
1.3700000e+02	-1.7552272e-02	2.6156561e-02	-8.7536430e-02	-6.1320487e-02	-2.6215943e-02
1.3800000e+02	-1.7525697e-02	2.6163163e-02	-8.7462228e-02	-6.1256811e-02	-2.6205417e-02
1.3900000e+02	-1.7514398e-02	2.6161246e-02	-8.7442138e-02	-6.1235467e-02	-2.6206671e-02
1.4000000e+02	-1.7497936e-02	2.6161041e-02	-8.7420338e-02	-6.1208105e-02	-2.6212233e-02
1.4100000e+02	-1.7475036e-02	2.6163527e-02	-8.7392716e-02	-6.1171394e-02	-2.6221322e-02
1.4200000e+02	-1.7422937e-02	2.6177537e-02	-8.7302879e-02	-6.1074377e-02	-2.6228503e-02
1.4300000e+02	-1.7402454e-02	2.6180358e-02	-8.7282727e-02	-6.1043818e-02	-2.6238909e-02
1.4400000e+02	-1.7385836e-02	2.6183320e-02	-8.7266748e-02	-6.1019209e-02	-2.6247538e-02
1.4500000e+02	-1.7368974e-02	2.6186695e-02	-8.7249164e-02	-6.0993556e-02	-2.6255608e-02
1.4600000e+02	-1.7348420e-02	2.6190077e-02	-8.7224514e-02	-6.0960677e-02	-2.6263837e-02
1.4700000e+02	-1.7324671e-02	2.6192730e-02	-8.7190948e-02	-6.0920145e-02	-2.6270803e-02
1.4800000e+02	-1.7300011e-02	2.6194694e-02	-8.7151083e-02	-6.0875552e-02	-2.6275531e-02
1.4900000e+02	-1.7278795e-02	2.6196007e-02	-8.7115313e-02	-6.0836451e-02	-2.6278862e-02
1.5000000e+02	-1.7258644e-02	2.6197525e-02	-8.7084709e-02	-6.0800999e-02	-2.6283710e-02
1.5100000e+02	-1.7237984e-02	2.6198994e-02	-8.7059691e-02	-6.0767830e-02	-2.6291861e-02
1.5200000e+02	-1.7217345e-02	2.6200057e-02	-8.7040232e-02	-6.0737461e-02	-2.6302771e-02
1.5300000e+02	-1.7196140e-02	2.6200274e-02	-8.7025223e-02	-6.0708752e-02	-2.6316471e-02
1.5400000e+02	-1.7172781e-02	2.6200169e-02	-8.7010749e-02	-6.0678156e-02	-2.6332593e-02
1.5500000e+02	-1.7146223e-02	2.6200549e-02	-8.6994586e-02	-6.0643516e-02	-2.6351070e-02
1.5600000e+02	-1.7135335e-02	2.6198673e-02	-8.6993204e-02	-6.0631937e-02	-2.6361268e-02
1.5700000e+02	-1.7091511e-02	2.6201459e-02	-8.6962783e-02	-6.0572902e-02	-2.6389881e-02
1.5800000e+02	-1.7041203e-02	2.6205750e-02	-8.6919851e-02	-6.0501128e-02	-2.6418722e-02
1.5900000e+02	-1.7025607e-02	2.6205466e-02	-8.6912237e-02	-6.0481725e-02	-2.6430512e-02
1.6000000e+02	-1.7007034e-02	2.6206100e-02	-8.6903438e-02	-6.0458753e-02	-2.6444685e-02
1.6100000e+02	-1.6936395e-02	2.6212238e-02	-8.6840958e-02	-6.0356874e-02	-2.6484084e-02
1.6200000e+02	-1.6919933e-02	2.6212144e-02	-8.6833146e-02	-6.0336506e-02	-2.6496640e-02
1.6300000e+02	-1.6863060e-02	2.6212100e-02	-8.6781834e-02	-6.0253977e-02	-2.6527857e-02
1.6400000e+02	-1.6854434e-02	2.6211217e-02	-8.6779680e-02	-6.0244274e-02	-2.6535406e-02
1.6500000e+02	-1.6845672e-02	2.6210028e-02	-8.6779629e-02	-6.0235487e-02	-2.6544143e-02
1.6600000e+02	-1.6796230e-02	2.6208189e-02	-8.6754457e-02	-6.0173458e-02	-2.6580999e-02
1.6700000e+02	-1.6784867e-02	2.6206483e-02	-8.6754398e-02	-6.0162067e-02	-2.6592332e-02
1.6800000e+02	-1.6728559e-02	2.6202925e-02	-8.6718994e-02	-6.0088056e-02	-2.6630938e-02
1.6900000e+02	-1.6719937e-02	2.6201551e-02	-8.6718264e-02	-6.0079069e-02	-2.6639195e-02
1.7000000e+02	-1.6712147e-02	2.6200873e-02	-8.6717128e-02	-6.0070711e-02	-2.6646418e-02
1.7100000e+02	-1.6674596e-02	2.6200835e-02	-8.6681241e-02	-6.0015216e-02	-2.6666025e-02
1.7200000e+02	-1.6666933e-02	2.6201450e-02	-8.6677654e-02	-6.0005760e-02	-2.6671894e-02
1.7300000e+02	-1.6657142e-02	2.6202287e-02	-8.6672220e-02	-5.9993252e-02	-2.6678968e-02
1.7400000e+02	-1.6604980e-02	2.6206877e-02	-8.6615793e-02	-5.9912876e-02	-2.6702917e-02
1.7500000e+02	-1.6593341e-02	2.6207666e-02	-8.6609315e-02	-5.9897998e-02	-2.6711317e-02
1.7600000e+02	-1.6579642e-02	2.6208899e-02	-8.6602344e-02	-5.9880814e-02	-2.6721530e-02
1.7700000e+02	-1.6530252e-02	2.6214626e-02	-8.6563336e-02	-5.9811921e-02	-2.6751416e-02
1.7800000e+02	-1.6519036e-02	2.6214995e-02	-8.6559193e-02	-5.9798633e-02	-2.6760561e-02
1.7900000e+02	-1.6509811e-02	2.6214239e-02	-8.6557353e-02	-5.9788487e-02	-2.6768865e-02
1.8000000e+02	-1.6481540e-02	2.6212692e-02	-8.6542986e-02	-5.9753033e-02	-2.6789953e-02
1.8100000e+02	-1.6476176e-02	2.6210747e-02	-8.6542986e-02	-5.9747669e-02	-2.6795317e-02
1.8200000e+02	-1.6456772e-02	2.6208687e-02	-8.6529829e-02	-5.9721687e-02	-2.6808142e-02
1.8300000e+02	-1.6453162e-02	2.6207139e-02	-8.6529193e-02	-5.9717758e-02	-2.6811435e-02
1.8400000e+02	-1.6439227e-02	2.6206505e-02	-8.6516268e-02	-5.9697361e-02	-2.6818907e-02
1.8500000e+02	-1.6435768e-02	2.6205063e-02	-8.6515275e-02	-5.9693406e-02	-2.6821870e-02
1.8600000e+02	-1.6422334e-02	2.6203649e-02	-8.6502191e-02	-5.9673429e-02	-2.6828762e-02
1.8700000e+02	-1.6410396e-02	2.6201999e-02	-8.6489478e-02	-5.9655135e-02	-2.6834343e-02
1.8800000e+02	-1.6408014e-02	2.6200718e-02	-8.6488723e-02	-5.9652375e-02	-2.6836347e-02
1.8900000e+02	-1.6398578e-02	2.6199737e-02	-8.6476248e-02	-5.9636703e-02	-2.6839546e-02
1.9000000e+02	-1.6388497e-02	2.6199215e-02	-8.6462057e-02	-5.9619525e-02	-2.6842532e-02
1.9100000e+02	-1.6385256e-02	2.6198410e-02	-8.6460933e-02	-5.9615723e-02	-2.6845210e-02
1.9200000e+02	-1.6376666e-02	2.6198897e-02	-8.6444818e-02	-5.9599075e-02	-2.6845743e-02
1.9300000e+02	-1.6369457e-02	2.6200100e-02	-8.6427098e-02	-5.9583006e-02	-2.6844092e-02
1.9400000e+02	-1.6364503e-02	2.6202073e-02	-8.6409153e-02	-5.9569079e-02	-2.6840074e-02
1.9500000e+02	-1.6362976e-02	2.6202570e-02	-8.6406942e-02	-5.9566447e-02	-2.6840495e-02
1.9600000e+02	-1.6361101e-02	2.6205276e-02	-8.6388970e-02	-5.9555585e-02	-2.6833384e-02
1.9700000e+02	-1.6360129e-02	2.6207608e-02	-8.6370069e-02	-5.9545163e-02	-2.6824906e-02
1.9800000e+02	-1.6360105e-02	2.6209531e-02	-8.6351315e-02	-5.9535762e-02	-2.6815552e-02
1.9900000e+02	-1.6360987e-02	2.6210693e-02	-8.6335490e-02	-5.9528732e-02	-2.6806758e-02
2.0000000e+02	-1.6362330e-02	2.6211287e-02	-8.6322554e-02	-5.9523607e-02	-2.6798947e-02
2.0100000e+02	-1.6364213e-02	2.6210943e-02	-8.6312273e-02	-5.9520350e-02	-2.6791923e-02
2.0200000e+02	-1.6367925e-02	2.6210715e-02	-8.6303015e-02	-5.9519432e-02	-2.6783583e-02
2.0300000e+02	-1.6374221e-02	2.6210785e-02	-8.6293402e-02	-5.9520922e-02	-2.6772480e-02
2.0400000e+02	-1.6382610e-02	2.6210687e-02	-8.6281465e-02	-5.9523343e-02	-2.6758123e-02
2.0500000e+02	-1.6391698e-02	2.6209757e-02	-8.6266913e-02	-5.9525155e-02	-2.6741758e-02
2.0600000e+02	-1.6399531e-02	2.6208359e-02	-8.6249319e-02	-5.9524190e-02	-2.6725129e-02
2.0700000e+02	-1.6405471e-02	2.6206952e-02	-8.6230015e-02	-5.9520479e-02	-2.6709536e-02
2.0800000e+02	-1.6409673e-02	2.6206621e-02	-8.6208652e-02	-5.9513999e-02	-2.6694653e-02
2.0900000e+02	-1.6412344e-02	2.6206988e-02	-8.6184099e-02	-5.9504394e-02	-2.6679705e-02
2.1000000e+02	-1.6413510e-02	2.6207231e-02	-8.6154905e-02	-5.9490962e-02	-2.6663943e-02
2.1100000e+02	-1.6412959e-02	2.6206309e-02	-8.6121078e-02	-5.9473498e-02	-2.6647580e-02
2.1200000e+02	-1.6410273e-02	2.6204123e-02	-8.6083301e-02	-5.9451924e-02	-2.6631377e-02
2.1300000e+02	-1.6406166e-02	2.6200429e-02	-8.6044017e-02	-5.9428174e-02	-2.6615843e-02
2.1400000e+02	-1.6401855e-02	2.6195530e-02	-8.6005326e-02	-5.9404518e-02	-2.6600808e-02
2.1500000e+02	-1.6398491e-02	2.6189994e-02	-8.5969695e-02	-5.9383338e-02	-2.6586357e-02
2.1600000e+02	-1.6396790e-02	2.6185301e-02	-8.5936818e-02	-5.9365199e-02	-2.6571619e-02
2.1700000e+02	-1.6396154e-02	2.6181843e-02	-8.5906324e-02	-5.9349316e-02	-2.6557008e-02
2.1800000e+02	-1.6396084e-02	2.6180063e-02	-8.5877818e-02	-5.9334993e-02	-2.6542825e-02
2.1900000e+02	-1.6396961e-02	2.6179869e-02	-8.5853225e-02	-5.9323573e-02	-2.6529652e-02
2.2000000e+02	-1.6399236e-02	2.6180919e-02	-8.5834544e-02	-5.9316508e-02	-2.6518036e-02
2.2100000e+02	-1.6402912e-02	2.6181725e-02	-8.5823186e-02	-5.9314504e-02	-2.6508681e-02
2.2200000e+02	-1.6407323e-02	2.6181396e-02	-8.5817140e-02	-5.9315893e-02	-2.6501247e-02
2.2300000e+02	-1.6411262e-02	2.6179691e-02	-8.5813610e-02	-5.9318067e-02	-2.6495544e-02
2.2400000e+02	-1.6413988e-02	2.6177361e-02	-8.5809970e-02	-5.9318973e-02	-2.6490997e-02
2.2500000e+02	-1.6414906e-02	2.6175057e-02	-8.5805483e-02	-5.9317648e-02	-2.6487835e-02
2.2600000e+02	-1.6413438e-02	2.6173655e-02	-8.5799537e-02	-5.9313207e-02	-2.6486330e-02
2.2700000e+02	-1.6409974e-02	2.6173306e-02	-8.5793243e-02	-5.9306595e-02	-2.6486648e-02
2.2800000e+02	-1.6404970e-02	2.6173285e-02	-8.5787054e-02	-5.9298497e-02	-2.6488557e-02
2.2900000e+02	-1.6399576e-02	2.6172704e-02	-8.5782627e-02	-5.9290890e-02	-2.6491738e-02
2.3000000e+02	-1.6393138e-02	2.6171446e-02	-8.5779837e-02	-5.9283056e-02	-2.6496781e-02
2.3100000e+02	-1.6386270e-02	2.6169278e-02	-8.5779250e-02	-5.9275895e-02	-2.6503355e-02
2.3200000e+02	-1.6380509e-02	2.6166499e-02	-8.5779796e-02	-5.9270407e-02	-2.6509389e-02
2.3300000e+02	-1.6377493e-02	2.6163030e-02	-8.5780983e-02	-5.9267984e-02	-2.6512999e-02
2.3400000e+02	-1.6376633e-02	2.6159486e-02	-8.5780878e-02	-5.9267071e-02	-2.6513806e-02
2.3500000e+02	-1.6376612e-02	2.6156350e-02	-8.5778768e-02	-5.9265996e-02	-2.6512772e-02
2.3600000e+02	-1.6377233e-02	2.6153573e-02	-8.5774815e-02	-5.9264641e-02	-2.6510174e-02
2.3700000e+02	-1.6379547e-02	2.6150421e-02	-8.5770075e-02	-5.9264585e-02	-2.6505490e-02
2.3800000e+02	-1.6384616e-02	2.6146774e-02	-8.5765512e-02	-5.9267372e-02	-2.6498140e-02
2.3900000e+02	-1.6392221e-02	2.6143168e-02	-8.5761596e-02	-5.9273019e-02	-2.6488577e-02
2.4000000e+02	-1.6402313e-02	2.6140248e-02	-8.5758037e-02	-5.9281332e-02	-2.6476705e-02
2.4100000e+02	-1.6413412e-02	2.6138355e-02	-8.5754004e-02	-5.9290414e-02	-2.6463590e-02
2.4200000e+02	-1.6423099e-02	2.6138220e-02	-8.5747294e-02	-5.9296746e-02	-2.6450548e-02
2.4300000e+02	-1.6429366e-02	2.6139713e-02	-8.5736256e-02	-5.9297494e-02	-2.6438762e-02
2.4400000e+02	-1.6432085e-02	2.6142192e-02	-8.5720309e-02	-5.9292239e-02	-2.6428070e-02
2.4500000e+02	-1.6431655e-02	2.6144208e-02	-8.5700186e-02	-5.9281748e-02	-2.6418438e-02
2.4600000e+02	-1.6427744e-02	2.6145652e-02	-8.5676435e-02	-5.9265961e-02	-2.6410473e-02
2.4700000e+02	-1.6422501e-02	2.6146760e-02	-8.5651189e-02	-5.9248096e-02	-2.6403094e-02
2.4800000e+02	-1.6419578e-02	2.6148022e-02	-8.5626840e-02	-5.9232998e-02	-2.6393842e-02
2.4900000e+02	-1.6422024e-02	2.6149002e-02	-8.5606290e-02	-5.9225169e-02	-2.6381121e-02
2.5000000e+02	-1.6427935e-02	2.6150228e-02	-8.5589279e-02	-5.9222574e-02	-2.6366705e-02
2.5100000e+02	-1.6434437e-02	2.6151552e-02	-8.5574929e-02	-5.9221901e-02	-2.6353027e-02
2.5200000e+02	-1.6441282e-02	2.6153481e-02	-8.5562757e-02	-5.9222660e-02	-2.6340096e-02
2.5300000e+02	-1.6446888e-02	2.6156705e-02	-8.5551817e-02	-5.9222796e-02	-2.6329021e-02
2.5400000e+02	-1.6450252e-02	2.6161373e-02	-8.5540711e-02	-5.9220607e-02	-2.6320104e-02
2.5500000e+02	-1.6453733e-02	2.6164885e-02	-8.5531149e-02	-5.9219308e-02	-2.6311841e-02
2.5600000e+02	-1.6457504e-02	2.6166193e-02	-8.5523211e-02	-5.9219109e-02	-2.6304102e-02
2.5700000e+02	-1.6461288e-02	2.6164648e-02	-8.5517259e-02	-5.9219917e-02	-2.6297341e-02
2.5800000e+02	-1.6462851e-02	2.6161208e-02	-8.5511844e-02	-5.9218773e-02	-2.6293071e-02
2.5900000e+02	-1.6461275e-02	2.6156853e-02	-8.5506236e-02	-5.9214394e-02	-2.6291843e-02
2.6000000e+02	-1.6455745e-02	2.6153393e-02	-8.5498774e-02	-5.9205131e-02	-2.6293642e-02
2.6100000e+02	-1.6446430e-02	2.6150758e-02	-8.5489311e-02	-5.9191086e-02	-2.6298225e-02
2.6200000e+02	-1.6434710e-02	2.6148963e-02	-8.5477994e-02	-5.9173707e-02	-2.6304287e-02
2.6300000e+02	-1.6421531e-02	2.6147404e-02	-8.5465601e-02	-5.9154331e-02	-2.6311270e-02
2.6400000e+02	-1.6410110e-02	2.6145540e-02	-8.5453932e-02	-5.9137076e-02	-2.6316856e-02
2.6500000e+02	-1.6401195e-02	2.6142868e-02	-8.5444699e-02	-5.9123544e-02	-2.6321155e-02
2.6600000e+02	-1.6396629e-02	2.6139874e-02	-8.5439242e-02	-5.9116250e-02	-2.6322992e-02
2.6700000e+02	-1.6397358e-02	2.6136739e-02	-8.5438258e-02	-5.9116487e-02	-2.6321771e-02
2.6800000e+02	-1.6401099e-02	2.6134546e-02	-8.5440079e-02	-5.9121139e-02	-2.6318940e-02
2.6900000e+02	-1.6405985e-02	2.6133569e-02	-8.5444138e-02	-5.9128055e-02	-2.6316084e-02
2.7000000e+02	-1.6410272e-02	2.6133837e-02	-8.5449753e-02	-5.9135148e-02	-2.6314605e-02
2.7100000e+02	-1.6415554e-02	2.6134230e-02	-8.5458310e-02	-5.9144709e-02	-2.6313601e-02
2.7200000e+02	-1.6422996e-02	2.6134652e-02	-8.5470324e-02	-5.9158158e-02	-2.6312166e-02
2.7300000e+02	-1.6432224e-02	2.6135163e-02	-8.5485201e-02	-5.9174824e-02	-2.6310377e-02
2.7400000e+02	-1.6440952e-02	2.6136946e-02	-8.5500412e-02	-5.9191158e-02	-2.6309254e-02
2.7500000e+02	-1.6446849e-02	2.6140853e-02	-8.5513589e-02	-5.9203643e-02	-2.6309946e-02
2.7600000e+02	-1.6450113e-02	2.6147313e-02	-8.5523227e-02	-5.9211726e-02	-2.6311501e-02
2.7700000e+02	-1.6452623e-02	2.6155852e-02	-8.5529873e-02	-5.9217559e-02	-2.6312314e-02
2.7800000e+02	-1.6455265e-02	2.6165818e-02	-8.5533535e-02	-5.9222032e-02	-2.6311503e-02
2.7900000e+02	-1.6458006e-02	2.6175541e-02	-8.5534665e-02	-5.9225339e-02	-2.6309327e-02
2.8000000e+02	-1.6460826e-02	2.6184112e-02	-8.5532406e-02	-5.9227029e-02	-2.6305377e-02
2.8100000e+02	-1.6465023e-02	2.6190633e-02	-8.5526372e-02	-5.9228209e-02	-2.6298162e-02
2.8200000e+02	-1.6471044e-02	2.6195732e-02	-8.5515925e-02	-5.9229007e-02	-2.6286919e-02
2.8300000e+02	-1.6477487e-02	2.6199267e-02	-8.5501784e-02	-5.9228379e-02	-2.6273405e-02
2.8400000e+02	-1.6481139e-02	2.6200881e-02	-8.5484355e-02	-5.9223317e-02	-2.6261038e-02
2.8500000e+02	-1.6479710e-02	2.6199307e-02	-8.5465288e-02	-5.9212353e-02	-2.6252934e-02
2.8600000e+02	-1.6474273e-02	2.6193980e-02	-8.5446852e-02	-5.9197699e-02	-2.6249153e-02
2.8700000e+02	-1.6467878e-02	2.6184966e-02	-8.5432434e-02	-5.9184094e-02	-2.6248339e-02
2.8800000e+02	-1.6462277e-02	2.6173354e-02	-8.5421830e-02	-5.9173192e-02	-2.6248638e-02
2.8900000e+02	-1.6457877e-02	2.6160185e-02	-8.5413993e-02	-5.9164874e-02	-2.6249120e-02
2.9000000e+02	-1.6453471e-02	2.6147164e-02	-8.5407693e-02	-5.9157318e-02	-2.6250376e-02
2.9100000e+02	-1.6448052e-02	2.6135236e-02	-8.5403884e-02	-5.9149994e-02	-2.6253890e-02
2.9200000e+02	-1.6441683e-02	2.6125529e-02	-8.5405134e-02	-5.9144250e-02	-2.6260884e-02
2.9300000e+02	-1.6435395e-02	2.6118342e-02	-8.5415039e-02	-5.9142914e-02	-2.6272124e-02
2.9400000e+02	-1.6430279e-02	2.6114587e-02	-8.5433917e-02	-5.9147238e-02	-2.6286680e-02
2.9500000e+02	-1.6426940e-02	2.6114418e-02	-8.5457732e-02	-5.9155806e-02	-2.6301926e-02
2.9600000e+02	-1.6425752e-02	2.6117476e-02	-8.5479892e-02	-5.9165697e-02	-2.6314194e-02
2.9700000e+02	-1.6427156e-02	2.6121592e-02	-8.5497754e-02	-5.9176033e-02	-2.6321722e-02
2.9800000e+02	-1.6431570e-02	2.6125506e-02	-8.5512008e-02	-5.9187574e-02	-2.6324433e-02
2.9900000e+02	-1.6437901e-02	2.6128077e-02	-8.5524913e-02	-5.9200358e-02	-2.6324555e-02
3.0000000e+02	-1.6444168e-02	2.6129537e-02	-8.5537070e-02	-5.9212703e-02	-2.6324367e-02
3.0100000e+02	-1.6448930e-02	2.6129968e-02	-8.5548933e-02	-5.9223396e-02	-2.6325536e-02
3.0200000e+02	-1.6452115e-02	2.6129766e-02	-8.5560266e-02	-5.9232248e-02	-2.6328018e-02
3.0300000e+02	-1.6454786e-02	2.6128822e-02	-8.5571582e-02	-5.9240577e-02	-2.6331005e-02
3.0400000e+02	-1.6457920e-02	2.6127493e-02	-8.5582708e-02	-5.9249274e-02	-2.6333434e-02
3.0500000e+02	-1.6461974e-02	2.6125504e-02	-8.5594068e-02	-5.9259008e-02	-2.6335060e-02
3.0600000e+02	-1.6466244e-02	2.6123250e-02	-8.5605049e-02	-5.9268769e-02	-2.6336280e-02
3.0700000e+02	-1.6469864e-02	2.6120776e-02	-8.5616099e-02	-5.9277914e-02	-2.6338185e-02
3.0800000e+02	-1.6471977e-02	2.6118567e-02	-8.5627487e-02	-5.9285720e-02	-2.6341767e-02
3.0900000e+02	-1.6472748e-02	2.6116757e-02	-8.5640290e-02	-5.9292893e-02	-2.6347397e-02
3.1000000e+02	-1.6472639e-02	2.6115773e-02	-8.5654613e-02	-5.9299945e-02	-2.6354667e-02
3.1100000e+02	-1.6472313e-02	2.6115625e-02	-8.5670044e-02	-5.9307335e-02	-2.6362709e-02
3.1200000e+02	-1.6471782e-02	2.6116493e-02	-8.5684741e-02	-5.9314152e-02	-2.6370588e-02
3.1300000e+02	-1.6471079e-02	2.6117688e-02	-8.5697922e-02	-5.9320040e-02	-2.6377882e-02
3.1400000e+02	-1.6470320e-02	2.6118782e-02	-8.5708475e-02	-5.9324558e-02	-2.6383917e-02
3.1500000e+02	-1.6470344e-02	2.6119148e-02	-8.5716418e-02	-5.9328554e-02	-2.6387865e-02
3.1600000e+02	-1.6470632e-02	2.6118812e-02	-8.5721420e-02	-5.9331342e-02	-2.6390077e-02
3.1700000e+02	-1.6470536e-02	2.6117976e-02	-8.5724567e-02	-5.9332819e-02	-2.6391748e-02
3.1800000e+02	-1.6469245e-02	2.6117411e-02	-8.5726881e-02	-5.9332685e-02	-2.6394195e-02
3.1900000e+02	-1.6466948e-02	2.6117169e-02	-8.5730825e-02	-5.9332360e-02	-2.6398464e-02
3.2000000e+02	-1.6464317e-02	2.6117291e-02	-8.5737815e-02	-5.9333225e-02	-2.6404590e-02
3.2100000e+02	-1.6462920e-02	2.6117287e-02	-8.5748977e-02	-5.9337409e-02	-2.6411568e-02
3.2200000e+02	-1.6463344e-02	2.6117084e-02	-8.5762972e-02	-5.9344830e-02	-2.6418142e-02
3.2300000e+02	-1.6465921e-02	2.6116500e-02	-8.5778325e-02	-5.9355084e-02	-2.6423241e-02
3.2400000e+02	-1.6469036e-02	2.6115829e-02	-8.5791930e-02	-5.9365001e-02	-2.6426929e-02
3.2500000e+02	-1.6470759e-02	2.6115334e-02	-8.5802210e-02	-5.9371864e-02	-2.6430347e-02
3.2600000e+02	-1.6469490e-02	2.6115167e-02	-8.5807650e-02	-5.9373315e-02	-2.6434334e-02
3.2700000e+02	-1.6465568e-02	2.6115219e-02	-8.5809183e-02	-5.9370160e-02	-2.6439023e-02
3.2800000e+02	-1.6459742e-02	2.6115700e-02	-8.5807283e-02	-5.9363384e-02	-2.6443900e-02
3.2900000e+02	-1.6453444e-02	2.6116387e-02	-8.5803941e-02	-5.9355415e-02	-2.6448527e-02
3.3000000e+02	-1.6446617e-02	2.6117005e-02	-8.5799559e-02	-5.9346397e-02	-2.6453162e-02
3.3100000e+02	-1.6439466e-02	2.6117403e-02	-8.5795183e-02	-5.9337058e-02	-2.6458125e-02
3.3200000e+02	-1.6432152e-02	2.6117712e-02	-8.5790682e-02	-5.9327493e-02	-2.6463189e-02
3.3300000e+02	-1.6426485e-02	2.6118019e-02	-8.5787529e-02	-5.9320249e-02	-2.6467279e-02
3.3400000e+02	-1.6423439e-02	2.6118541e-02	-8.5785576e-02	-5.9316227e-02	-2.6469349e-02
3.3500000e+02	-1.6423463e-02	2.6119268e-02	-8.5785382e-02	-5.9316154e-02	-2.6469228e-02
3.3600000e+02	-1.6424729e-02	2.6120546e-02	-8.5785231e-02	-5.9317345e-02	-2.6467886e-02
3.3700000e+02	-1.6426409e-02	2.6122237e-02	-8.5785098e-02	-5.9318958e-02	-2.6466140e-02
3.3800000e+02	-1.6428696e-02	2.6123749e-02	-8.5784657e-02	-5.9321024e-02	-2.6463633e-02
3.3900000e+02	-1.6432831e-02	2.6124289e-02	-8.5784913e-02	-5.9325287e-02	-2.6459626e-02
3.4000000e+02	-1.6438913e-02	2.6123925e-02	-8.5785095e-02	-5.9331460e-02	-2.6453634e-02
3.4100000e+02	-1.6446767e-02	2.6123181e-02	-8.5784896e-02	-5.9339216e-02	-2.6445681e-02
3.4200000e+02	-1.6454258e-02	2.6123006e-02	-8.5782123e-02	-5.9345319e-02	-2.6436804e-02
3.4300000e+02	-1.6459367e-02	2.6123938e-02	-8.5775927e-02	-5.9347330e-02	-2.6428597e-02
3.4400000e+02	-1.6460892e-02	2.6125883e-02	-8.5765367e-02	-5.9343576e-02	-2.6421791e-02
3.4500000e+02	-1.6459310e-02	2.6128596e-02	-8.5751544e-02	-5.9335082e-02	-2.6416462e-02
3.4600000e+02	-1.6455452e-02	2.6131819e-02	-8.5735144e-02	-5.9323024e-02	-2.6412121e-02
3.4700000e+02	-1.6450299e-02	2.6135162e-02	-8.5718329e-02	-5.9309463e-02	-2.6408866e-02
3.4800000e+02	-1.6443781e-02	2.6137877e-02	-8.5701713e-02	-5.9294637e-02	-2.6407076e-02
3.4900000e+02	-1.6435887e-02	2.6139589e-02	-8.5685951e-02	-5.9278863e-02	-2.6407088e-02
3.5000000e+02	-1.6426964e-02	2.6139993e-02	-8.5670396e-02	-5.9262162e-02	-2.6408233e-02
3.5100000e+02	-1.6417848e-02	2.6138756e-02	-8.5654924e-02	-5.9245310e-02	-2.6409614e-02
3.5200000e+02	-1.6409368e-02	2.6136020e-02	-8.5639066e-02	-5.9228901e-02	-2.6410165e-02
3.5300000e+02	-1.6401604e-02	2.6132160e-02	-8.5623323e-02	-5.9213265e-02	-2.6410058e-02
3.5400000e+02	-1.6393238e-02	2.6128201e-02	-8.5607071e-02	-5.9196773e-02	-2.6410298e-02
3.5500000e+02	-1.6382882e-02	2.6124812e-02	-8.5590589e-02	-5.9178177e-02	-2.6412413e-02
3.5600000e+02	-1.6372253e-02	2.6121488e-02	-8.5575294e-02	-5.9159900e-02	-2.6415394e-02
3.5700000e+02	-1.6363406e-02	2.6117062e-02	-8.5563096e-02	-5.9144954e-02	-2.6418142e-02
3.5800000e+02	-1.6357644e-02	2.6111430e-02	-8.5554465e-02	-5.9134877e-02	-2.6419588e-02
3.5900000e+02	-1.6353690e-02	2.6105301e-02	-8.5548192e-02	-5.9127786e-02	-2.6420406e-02
3.6000000e+02	-1.6349416e-02	2.6099821e-02	-8.5541677e-02	-5.9120254e-02	-2.6421423e-02
3.6100000e+02	-1.6342172e-02	2.6096096e-02	-8.5533929e-02	-5.9109137e-02	-2.6424792e-02
3.6200000e+02	-1.6331597e-02	2.6094626e-02	-8.5523997e-02	-5.9093595e-02	-2.6430401e-02
3.6300000e+02	-1.6318926e-02	2.6095279e-02	-8.5512722e-02	-5.9075287e-02	-2.6437436e-02
3.6400000e+02	-1.6304851e-02	2.6097445e-02	-8.5500066e-02	-5.9054884e-02	-2.6445182e-02
3.6500000e+02	-1.6289795e-02	2.6100458e-02	-8.5486579e-02	-5.9033085e-02	-2.6453495e-02
3.6600000e+02	-1.6274009e-02	2.6104057e-02	-8.5472853e-02	-5.9010435e-02	-2.6462418e-02
3.6700000e+02	-1.6259928e-02	2.6108478e-02	-8.5461065e-02	-5.8990460e-02	-2.6470605e-02
3.6800000e+02	-1.6249221e-02	2.6114116e-02	-8.5452274e-02	-5.8975358e-02	-2.6476916e-02
3.6900000e+02	-1.6243869e-02	2.6120673e-02	-8.5448270e-02	-5.8968003e-02	-2.6480266e-02
3.7000000e+02	-1.6243091e-02	2.6128270e-02	-8.5448529e-02	-5.8967355e-02	-2.6481174e-02
3.7100000e+02	-1.6243469e-02	2.6137049e-02	-8.5451253e-02	-5.8969096e-02	-2.6482157e-02
3.7200000e+02	-1.6240403e-02	2.6145909e-02	-8.5453071e-02	-5.8966939e-02	-2.6486133e-02
3.7300000e+02	-1.6232920e-02	2.6152973e-02	-8.5451572e-02	-5.8958707e-02	-2.6492866e-02
3.7400000e+02	-1.6222316e-02	2.6157142e-02	-8.5444293e-02	-5.8944463e-02	-2.6499831e-02
3.7500000e+02	-1.6210460e-02	2.6157412e-02	-8.5430522e-02	-5.8925721e-02	-2.6504801e-02
3.7600000e+02	-1.6198587e-02	2.6154869e-02	-8.5411799e-02	-5.8904486e-02	-2.6507312e-02
3.7700000e+02	-1.6186055e-02	2.6150039e-02	-8.5391558e-02	-5.8881834e-02	-2.6509724e-02
3.7800000e+02	-1.6170769e-02	2.6144109e-02	-8.5370456e-02	-5.8855997e-02	-2.6514459e-02
3.7900000e+02	-1.6150782e-02	2.6136739e-02	-8.5349420e-02	-5.8825491e-02	-2.6523928e-02
3.8000000e+02	-1.6125116e-02	2.6127537e-02	-8.5328935e-02	-5.8789583e-02	-2.6539352e-02
3.8100000e+02	-1.6094542e-02	2.6116435e-02	-8.5311494e-02	-5.8750289e-02	-2.6561204e-02
3.8200000e+02	-1.6062185e-02	2.6105571e-02	-8.5301576e-02	-5.8712973e-02	-2.6588603e-02
3.8300000e+02	-1.6030038e-02	2.6096068e-02	-8.5303995e-02	-5.8682035e-02	-2.6621960e-02
3.8400000e+02	-1.6001950e-02	2.6089461e-02	-8.5323046e-02	-5.8663473e-02	-2.6659573e-02
3.8500000e+02	-1.5981405e-02	2.6086871e-02	-8.5357824e-02	-5.8660317e-02	-2.6697507e-02
3.8600000e+02	-1.5971176e-02	2.6087880e-02	-8.5396353e-02	-5.8669353e-02	-2.6727000e-02
3.8700000e+02	-1.5968812e-02	2.6090516e-02	-8.5426140e-02	-5.8681881e-02	-2.6744258e-02
3.8800000e+02	-1.5969931e-02	2.6094283e-02	-8.5446595e-02	-5.8693228e-02	-2.6753367e-02
3.8900000e+02	-1.5970158e-02	2.6098528e-02	-8.5462277e-02	-5.8701296e-02	-2.6760981e-02
3.9000000e+02	-1.5967190e-02	2.6103126e-02	-8.5477103e-02	-5.8705742e-02	-2.6771361e-02
3.9100000e+02	-1.5960658e-02	2.6107357e-02	-8.5494597e-02	-5.8707956e-02	-2.6786640e-02
3.9200000e+02	-1.5952780e-02	2.6110867e-02	-8.5517024e-02	-5.8711292e-02	-2.6805732e-02
3.9300000e+02	-1.5944842e-02	2.6113198e-02	-8.5544133e-02	-5.8716908e-02	-2.6827225e-02
3.9400000e+02	-1.5936188e-02	2.6114591e-02	-8.5572758e-02	-5.8722567e-02	-2.6850191e-02
3.9500000e+02	-1.5925045e-02	2.6115140e-02	-8.5598988e-02	-5.8724539e-02	-2.6874450e-02
3.9600000e+02	-1.5910982e-02	2.6115054e-02	-8.5619963e-02	-5.8720964e-02	-2.6898999e-02
3.9700000e+02	-1.5894952e-02	2.6114192e-02	-8.5636198e-02	-5.8713051e-02	-2.6923147e-02
3.9800000e+02	-1.5877890e-02	2.6112483e-02	-8.5649924e-02	-5.8702852e-02	-2.6947072e-02
3.9900000e+02	-1.5859690e-02	2.6109631e-02	-8.5663791e-02	-5.8691585e-02	-2.6972206e-02
4.0000000e+02	-1.5840531e-02	2.6106051e-02	-8.5679127e-02	-5.8680095e-02	-2.6999032e-02
4.0100000e+02	-1.5820859e-02	2.6101833e-02	-8.5697156e-02	-5.8669437e-02	-2.7027719e-02
4.0200000e+02	-1.5802570e-02	2.6097358e-02	-8.5718054e-02	-5.8661597e-02	-2.7056457e-02
4.0300000e+02	-1.5788215e-02	2.6092417e-02	-8.5741484e-02	-5.8658957e-02	-2.7082527e-02
4.0400000e+02	-1.5778398e-02	2.6087267e-02	-8.5765286e-02	-5.8661041e-02	-2.7104245e-02
4.0500000e+02	-1.5771696e-02	2.6082534e-02	-8.5788071e-02	-5.8665731e-02	-2.7122340e-02
4.0600000e+02	-1.5765865e-02	2.6079179e-02	-8.5808159e-02	-5.8669945e-02	-2.7138214e-02
4.0700000e+02	-1.5759829e-02	2.6077124e-02	-8.5825911e-02	-5.8672785e-02	-2.7153127e-02
4.0800000e+02	-1.5753853e-02	2.6075917e-02	-8.5842338e-02	-5.8675022e-02	-2.7167316e-02
4.0900000e+02	-1.5749351e-02	2.6074881e-02	-8.5859236e-02	-5.8678969e-02	-2.7180267e-02
4.1000000e+02	-1.5746306e-02	2.6074398e-02	-8.5876359e-02	-5.8684486e-02	-2.7191874e-02
4.1100000e+02	-1.5743373e-02	2.6075302e-02	-8.5893016e-02	-5.8689881e-02	-2.7203135e-02
4.1200000e+02	-1.5737444e-02	2.6078212e-02	-8.5907450e-02	-5.8691169e-02	-2.7216281e-02
4.1300000e+02	-1.5728035e-02	2.6082463e-02	-8.5919563e-02	-5.8687816e-02	-2.7231746e-02
4.1400000e+02	-1.5715703e-02	2.6087500e-02	-8.5929064e-02	-5.8680235e-02	-2.7248829e-02
4.1500000e+02	-1.5702090e-02	2.6092467e-02	-8.5936897e-02	-5.8670538e-02	-2.7266359e-02
4.1600000e+02	-1.5687085e-02	2.6097268e-02	-8.5942799e-02	-5.8658485e-02	-2.7284314e-02
4.1700000e+02	-1.5670705e-02	2.6101832e-02	-8.5947254e-02	-5.8644332e-02	-2.7302922e-02
4.1800000e+02	-1.5653266e-02	2.6106266e-02	-8.5950639e-02	-5.8628585e-02	-2.7322054e-02
4.1900000e+02	-1.5637373e-02	2.6110275e-02	-8.5954832e-02	-5.8614789e-02	-2.7340043e-02
4.2000000e+02	-1.5624507e-02	2.6113619e-02	-8.5960584e-02	-5.8604799e-02	-2.7355785e-02
4.2100000e+02	-1.5614544e-02	2.6116068e-02	-8.5969023e-02	-5.8599056e-02	-2.7369967e-02
4.2200000e+02	-1.5604972e-02	2.6118416e-02	-8.5978658e-02	-5.8594301e-02	-2.7384357e-02
4.2300000e+02	-1.5594350e-02	2.6121124e-02	-8.5989106e-02	-5.8588903e-02	-2.7400203e-02
4.2400000e+02	-1.5583354e-02	2.6124521e-02	-8.5999909e-02	-5.8583308e-02	-2.7416601e-02
4.2500000e+02	-1.5573230e-02	2.6127747e-02	-8.6012020e-02	-5.8579240e-02	-2.7432780e-02
4.2600000e+02	-1.5564998e-02	2.6130642e-02	-8.6024822e-02	-5.8577409e-02	-2.7447413e-02
4.2700000e+02	-1.5559175e-02	2.6133128e-02	-8.6037633e-02	-5.8577992e-02	-2.7459642e-02
4.2800000e+02	-1.5553667e-02	2.6136172e-02	-8.6047897e-02	-5.8577616e-02	-2.7470281e-02
4.2900000e+02	-1.5546013e-02	2.6140357e-02	-8.6054272e-02	-5.8573148e-02	-2.7481123e-02
4.3000000e+02	-1.5534841e-02	2.6145806e-02	-8.6056775e-02	-5.8563229e-02	-2.7493546e-02
4.3100000e+02	-1.5520166e-02	2.6151591e-02	-8.6057137e-02	-5.8548734e-02	-2.7508403e-02
4.3200000e+02	-1.5502613e-02	2.6157224e-02	-8.6056527e-02	-5.8530877e-02	-2.7525650e-02
4.3300000e+02	-1.5481778e-02	2.6162118e-02	-8.6055507e-02	-5.8509532e-02	-2.7545975e-02
4.3400000e+02	-1.5457256e-02	2.6166434e-02	-8.6052870e-02	-5.8483691e-02	-2.7569179e-02
4.3500000e+02	-1.5429526e-02	2.6169901e-02	-8.6048641e-02	-5.8453847e-02	-2.7594794e-02
4.3600000e+02	-1.5400202e-02	2.6171949e-02	-8.6043571e-02	-5.8421988e-02	-2.7621584e-02
4.3700000e+02	-1.5372492e-02	2.6171397e-02	-8.6040499e-02	-5.8392741e-02	-2.7647758e-02
4.3800000e+02	-1.5348280e-02	2.6168315e-02	-8.6040647e-02	-5.8368603e-02	-2.7672044e-02
4.3900000e+02	-1.5326641e-02	2.6163414e-02	-8.6043941e-02	-5.8348611e-02	-2.7695330e-02
4.4000000e+02	-1.5305293e-02	2.6158269e-02	-8.6049201e-02	-5.8329894e-02	-2.7719307e-02
4.4100000e+02	-1.5282281e-02	2.6153183e-02	-8.6056513e-02	-5.8310538e-02	-2.7745975e-02
4.4200000e+02	-1.5257398e-02	2.6148494e-02	-8.6067161e-02	-5.8290978e-02	-2.7776183e-02
4.4300000e+02	-1.5231495e-02	2.6143403e-02	-8.6083819e-02	-5.8273404e-02	-2.7810415e-02
4.4400000e+02	-1.5207551e-02	2.6138460e-02	-8.6107776e-02	-5.8261439e-02	-2.7846338e-02
4.4500000e+02	-1.5188160e-02	2.6134113e-02	-8.6135842e-02	-5.8256081e-02	-2.7879761e-02
4.4600000e+02	-1.5173994e-02	2.6131795e-02	-8.6160946e-02	-5.8254467e-02	-2.7906479e-02
4.4700000e+02	-1.5162630e-02	2.6131898e-02	-8.6179324e-02	-5.8252292e-02	-2.7927032e-02
4.4800000e+02	-1.5151658e-02	2.6133990e-02	-8.6192255e-02	-5.8247786e-02	-2.7944469e-02
4.4900000e+02	-1.5139605e-02	2.6136945e-02	-8.6202907e-02	-5.8241059e-02	-2.7961848e-02
4.5000000e+02	-1.5125918e-02	2.6140792e-02	-8.6213001e-02	-5.8232419e-02	-2.7980582e-02
4.5100000e+02	-1.5109785e-02	2.6145126e-02	-8.6222611e-02	-5.8221091e-02	-2.8001521e-02
4.5200000e+02	-1.5091159e-02	2.6150207e-02	-8.6230575e-02	-5.8206447e-02	-2.8024128e-02
4.5300000e+02	-1.5071780e-02	2.6155333e-02	-8.6236921e-02	-5.8190241e-02	-2.8046680e-02
4.5400000e+02	-1.5054419e-02	2.6160547e-02	-8.6242311e-02	-5.8175575e-02	-2.8066736e-02
4.5500000e+02	-1.5042068e-02	2.6164582e-02	-8.6248671e-02	-5.8166404e-02	-2.8082267e-02
4.5600000e+02	-1.5034952e-02	2.6167435e-02	-8.6256178e-02	-5.8163041e-02	-2.8093137e-02
4.5700000e+02	-1.5030744e-02	2.6169277e-02	-8.6264024e-02	-5.8162756e-02	-2.8101268e-02
4.5800000e+02	-1.5027089e-02	2.6170997e-02	-8.6271073e-02	-5.8162626e-02	-2.8108447e-02
4.5900000e+02	-1.5022770e-02	2.6172156e-02	-8.6277164e-02	-5.8161352e-02	-2.8115813e-02
4.6000000e+02	-1.5017327e-02	2.6172634e-02	-8.6282496e-02	-5.8158576e-02	-2.8123921e-02
4.6100000e+02	-1.5011380e-02	2.6171476e-02	-8.6287742e-02	-5.8155251e-02	-2.8132491e-02
4.6200000e+02	-1.5005245e-02	2.6169008e-02	-8.6292912e-02	-5.8151701e-02	-2.8141211e-02
4.6300000e+02	-1.4997633e-02	2.6165703e-02	-8.6297147e-02	-5.8146206e-02	-2.8150941e-02
4.6400000e+02	-1.4986219e-02	2.6162424e-02	-8.6298878e-02	-5.8135658e-02	-2.8163220e-02
4.6500000e+02	-1.4969743e-02	2.6158920e-02	-8.6298434e-02	-5.8118959e-02	-2.8179474e-02
4.6600000e+02	-1.4949322e-02	2.6155684e-02	-8.6297509e-02	-5.8098076e-02	-2.8199432e-02
4.6700000e+02	-1.4926992e-02	2.6152542e-02	-8.6298425e-02	-5.8076205e-02	-2.8222221e-02
4.6800000e+02	-1.4903822e-02	2.6150110e-02	-8.6301965e-02	-5.8054804e-02	-2.8247161e-02
4.6900000e+02	-1.4880178e-02	2.6148342e-02	-8.6308656e-02	-5.8034506e-02	-2.8274150e-02
4.7000000e+02	-1.4856733e-02	2.6147536e-02	-8.6319720e-02	-5.8016593e-02	-2.8303127e-02
4.7100000e+02	-1.4835770e-02	2.6147509e-02	-8.6336970e-02	-5.8004255e-02	-2.8332715e-02
4.7200000e+02	-1.4820346e-02	2.6147889e-02	-8.6357197e-02	-5.7998944e-02	-2.8358253e-02
4.7300000e+02	-1.4810973e-02	2.6148465e-02	-8.6377226e-02	-5.7999586e-02	-2.8377641e-02
4.7400000e+02	-1.4804263e-02	2.6149707e-02	-8.6396550e-02	-5.8002538e-02	-2.8394012e-02
4.7500000e+02	-1.4797428e-02	2.6152232e-02	-8.6416123e-02	-5.8005489e-02	-2.8410634e-02
4.7600000e+02	-1.4788807e-02	2.6156381e-02	-8.6436331e-02	-5.8006973e-02	-2.8429358e-02
4.7700000e+02	-1.4777868e-02	2.6161158e-02	-8.6458074e-02	-5.8006905e-02	-2.8451169e-02
4.7800000e+02	-1.4765469e-02	2.6165429e-02	-8.6482115e-02	-5.8006527e-02	-2.8475589e-02
4.7900000e+02	-1.4753120e-02	2.6168326e-02	-8.6508325e-02	-5.8007283e-02	-2.8501042e-02
4.8000000e+02	-1.4740447e-02	2.6170085e-02	-8.6534510e-02	-5.8007702e-02	-2.8526808e-02
4.8100000e+02	-1.4727142e-02	2.6171449e-02	-8.6558243e-02	-5.8006263e-02	-2.8551980e-02
4.8200000e+02	-1.4712405e-02	2.6173227e-02	-8.6577497e-02	-5.8001154e-02	-2.8576343e-02
4.8300000e+02	-1.4697088e-02	2.6175265e-02	-8.6592682e-02	-5.7993429e-02	-2.8599253e-02
4.8400000e+02	-1.4681507e-02	2.6177523e-02	-8.6604843e-02	-5.7983928e-02	-2.8620915e-02
4.8500000e+02	-1.4665038e-02	2.6179400e-02	-8.6615618e-02	-5.7972847e-02	-2.8642771e-02
4.8600000e+02	-1.4646692e-02	2.6181039e-02	-8.6625647e-02	-5.7959515e-02	-2.8666132e-02
4.8700000e+02	-1.4625985e-02	2.6182198e-02	-8.6635881e-02	-5.7943925e-02	-2.8691956e-02
4.8800000e+02	-1.4603837e-02	2.6182917e-02	-8.6647377e-02	-5.7927526e-02	-2.8719852e-02
4.8900000e+02	-1.4582201e-02	2.6182600e-02	-8.6661853e-02	-5.7913128e-02	-2.8748725e-02
4.9000000e+02	-1.4563528e-02	2.6181193e-02	-8.6679720e-02	-5.7903388e-02	-2.8776333e-02
4.9100000e+02	-1.4548430e-02	2.6178667e-02	-8.6699327e-02	-5.7898093e-02	-2.8801234e-02
4.9200000e+02	-1.4535557e-02	2.6176315e-02	-8.6717667e-02	-5.7894390e-02	-2.8823276e-02
4.9300000e+02	-1.4523246e-02	2.6174619e-02	-8.6733414e-02	-5.7889953e-02	-2.8843461e-02
4.9400000e+02	-1.4510466e-02	2.6173881e-02	-8.6746837e-02	-5.7883885e-02	-2.8862952e-02
4.9500000e+02	-1.4496803e-02	2.6173038e-02	-8.6759253e-02	-5.7876429e-02	-2.8882824e-02
4.9600000e+02	-1.4482363e-02	2.6171818e-02	-8.6771892e-02	-5.7868309e-02	-2.8903583e-02
4.9700000e+02	-1.4466907e-02	2.6170227e-02	-8.6785127e-02	-5.7859471e-02	-2.8925656e-02
4.9800000e+02	-1.4449579e-02	2.6169387e-02	-8.6798201e-02	-5.7848680e-02	-2.8949522e-02
4.9900000e+02	-1.4428844e-02	2.6169850e-02	-8.6810313e-02	-5.7834001e-02	-2.8976312e-02
5.0000000e+02	-1.4404248e-02	2.6171829e-02	-8.6821285e-02	-5.7814890e-02	-2.9006395e-02
5.0100000e+02	-1.4376926e-02	2.6174890e-02	-8.6831724e-02	-5.7792788e-02	-2.9038936e-02
5.0200000e+02	-1.4347806e-02	2.6178717e-02	-8.6842209e-02	-5.7768910e-02	-2.9073298e-02
5.0300000e+02	-1.4317012e-02	2.6182734e-02	-8.6852907e-02	-5.7743466e-02	-2.9109442e-02
5.0400000e+02	-1.4284595e-02	2.6187058e-02	-8.6863114e-02	-5.7716152e-02	-2.9146962e-02
5.0500000e+02	-1.4251550e-02	2.6191158e-02	-8.6873145e-02	-5.7688122e-02	-2.9185023e-02
5.0600000e+02	-1.4218830e-02	2.6194956e-02	-8.6883439e-02	-5.7660550e-02	-2.9222889e-02
5.0700000e+02	-1.4188880e-02	2.6197783e-02	-8.6895246e-02	-5.7636503e-02	-2.9258743e-02
5.0800000e+02	-1.4162722e-02	2.6199679e-02	-8.6908520e-02	-5.7616982e-02	-2.9291538e-02
5.0900000e+02	-1.4139142e-02	2.6201035e-02	-8.6922317e-02	-5.7600301e-02	-2.9322016e-02
5.1000000e+02	-1.4116330e-02	2.6202755e-02	-8.6935356e-02	-5.7584008e-02	-2.9351348e-02
5.1100000e+02	-1.4093648e-02	2.6204778e-02	-8.6947748e-02	-5.7567522e-02	-2.9380226e-02
5.1200000e+02	-1.4071105e-02	2.6206928e-02	-8.6959788e-02	-5.7550999e-02	-2.9408789e-02
5.1300000e+02	-1.4050302e-02	2.6208462e-02	-8.6972686e-02	-5.7536645e-02	-2.9436041e-02
5.1400000e+02	-1.4033696e-02	2.6209626e-02	-8.6986050e-02	-5.7526722e-02	-2.9459329e-02
5.1500000e+02	-1.4020891e-02	2.6210769e-02	-8.6998255e-02	-5.7520018e-02	-2.9478237e-02
5.1600000e+02	-1.4009239e-02	2.6212626e-02	-8.7007243e-02	-5.7512860e-02	-2.9494383e-02
5.1700000e+02	-1.3995928e-02	2.6215031e-02	-8.7013023e-02	-5.7502440e-02	-2.9510583e-02
5.1800000e+02	-1.3979758e-02	2.6217735e-02	-8.7015966e-02	-5.7487741e-02	-2.9528225e-02
5.1900000e+02	-1.3960825e-02	2.6220223e-02	-8.7017428e-02	-5.7469539e-02	-2.9547888e-02
5.2000000e+02	-1.3938247e-02	2.6222570e-02	-8.7017544e-02	-5.7447019e-02	-2.9570525e-02
5.2100000e+02	-1.3911902e-02	2.6224762e-02	-8.7017101e-02	-5.7420452e-02	-2.9596649e-02
5.2200000e+02	-1.3882571e-02	2.6226956e-02	-8.7016526e-02	-5.7390834e-02	-2.9625692e-02
5.2300000e+02	-1.3852634e-02	2.6228806e-02	-8.7017895e-02	-5.7361582e-02	-2.9656313e-02
5.2400000e+02	-1.3824931e-02	2.6230139e-02	-8.7022114e-02	-5.7335988e-02	-2.9686126e-02
5.2500000e+02	-1.3801750e-02	2.6230750e-02	-8.7029712e-02	-5.7316606e-02	-2.9713106e-02
5.2600000e+02	-1.3782036e-02	2.6231052e-02	-8.7038421e-02	-5.7301246e-02	-2.9737174e-02
5.2700000e+02	-1.3764253e-02	2.6231542e-02	-8.7046941e-02	-5.7287723e-02	-2.9759217e-02
5.2800000e+02	-1.3746806e-02	2.6232199e-02	-8.7054125e-02	-5.7273868e-02	-2.9780256e-02
5.2900000e+02	-1.3729779e-02	2.6232406e-02	-8.7060738e-02	-5.7260147e-02	-2.9800590e-02
5.3000000e+02	-1.3713345e-02	2.6231289e-02	-8.7067059e-02	-5.7246874e-02	-2.9820185e-02
5.3100000e+02	-1.3698865e-02	2.6228842e-02	-8.7073666e-02	-5.7235699e-02	-2.9837968e-02
5.3200000e+02	-1.3685462e-02	2.6226297e-02	-8.7078870e-02	-5.7224897e-02	-2.9853973e-02
5.3300000e+02	-1.3671723e-02	2.6224785e-02	-8.7082003e-02	-5.7212724e-02	-2.9869279e-02
5.3400000e+02	-1.3655406e-02	2.6224798e-02	-8.7081674e-02	-5.7196243e-02	-2.9885431e-02
5.3500000e+02	-1.3636773e-02	2.6225761e-02	-8.7079161e-02	-5.7176354e-02	-2.9902807e-02
5.3600000e+02	-1.3616408e-02	2.6227230e-02	-8.7075363e-02	-5.7154089e-02	-2.9921274e-02
5.3700000e+02	-1.3594948e-02	2.6228546e-02	-8.7071908e-02	-5.7130902e-02	-2.9941006e-02
5.3800000e+02	-1.3571682e-02	2.6229642e-02	-8.7068359e-02	-5.7105861e-02	-2.9962498e-02
5.3900000e+02	-1.3546613e-02	2.6230517e-02	-8.7064937e-02	-5.7079082e-02	-2.9985856e-02
5.4000000e+02	-1.3520722e-02	2.6231244e-02	-8.7061663e-02	-5.7051553e-02	-3.0010109e-02
5.4100000e+02	-1.3495983e-02	2.6231543e-02	-8.7059620e-02	-5.7025794e-02	-3.0033827e-02
5.4200000e+02	-1.3474552e-02	2.6231103e-02	-8.7059272e-02	-5.7004188e-02	-3.0055084e-02
5.4300000e+02	-1.3456792e-02	2.6229729e-02	-8.7060488e-02	-5.6987036e-02	-3.0073452e-02
5.4400000e+02	-1.3441207e-02	2.6228408e-02	-8.7061578e-02	-5.6971996e-02	-3.0089582e-02
5.4500000e+02	-1.3427046e-02	2.6227618e-02	-8.7061937e-02	-5.6958015e-02	-3.0103922e-02
5.4600000e+02	-1.3414430e-02	2.6227299e-02	-8.7061376e-02	-5.6945118e-02	-3.0116258e-02
5.4700000e+02	-1.3403880e-02	2.6226614e-02	-8.7060743e-02	-5.6934252e-02	-3.0126491e-02
5.4800000e+02	-1.3396091e-02	2.6225163e-02	-8.7060345e-02	-5.6926264e-02	-3.0134081e-02
5.4900000e+02	-1.3391713e-02	2.6223280e-02	-8.7060337e-02	-5.6921881e-02	-3.0138456e-02
5.5000000e+02	-1.3389321e-02	2.6222200e-02	-8.7059212e-02	-5.6918927e-02	-3.0140285e-02
5.5100000e+02	-1.3387009e-02	2.6222650e-02	-8.7055994e-02	-5.6915006e-02	-3.0140989e-02
5.5200000e+02	-1.3383949e-02	2.6224808e-02	-8.7050152e-02	-5.6909025e-02	-3.0141126e-02
5.5300000e+02	-1.3380845e-02	2.6228002e-02	-8.7042513e-02	-5.6902102e-02	-3.0140411e-02
5.5400000e+02	-1.3378287e-02	2.6231585e-02	-8.7033386e-02	-5.6894980e-02	-3.0138406e-02
5.5500000e+02	-1.3375779e-02	2.6235096e-02	-8.7022872e-02	-5.6887215e-02	-3.0135657e-02
5.5600000e+02	-1.3372371e-02	2.6238871e-02	-8.7010263e-02	-5.6877502e-02	-3.0132760e-02
5.5700000e+02	-1.3368239e-02	2.6242698e-02	-8.6995255e-02	-5.6865866e-02	-3.0129389e-02
5.5800000e+02	-1.3364049e-02	2.6246371e-02	-8.6976886e-02	-5.6852492e-02	-3.0124393e-02
5.5900000e+02	-1.3361073e-02	2.6249021e-02	-8.6955646e-02	-5.6838896e-02	-3.0116751e-02
5.6000000e+02	-1.3358514e-02	2.6250217e-02	-8.6931282e-02	-5.6824155e-02	-3.0107127e-02
5.6100000e+02	-1.3354030e-02	2.6250066e-02	-8.6903662e-02	-5.6805860e-02	-3.0097801e-02
5.6200000e+02	-1.3345616e-02	2.6249385e-02	-8.6872472e-02	-5.6781852e-02	-3.0090620e-02
5.6300000e+02	-1.3332922e-02	2.6248087e-02	-8.6839108e-02	-5.6752476e-02	-3.0086632e-02
5.6400000e+02	-1.3316531e-02	2.6246121e-02	-8.6803943e-02	-5.6718502e-02	-3.0085440e-02
5.6500000e+02	-1.3298088e-02	2.6242479e-02	-8.6767720e-02	-5.6681948e-02	-3.0085772e-02
5.6600000e+02	-1.3279134e-02	2.6237280e-02	-8.6731023e-02	-5.6644646e-02	-3.0086377e-02
5.6700000e+02	-1.3259493e-02	2.6231200e-02	-8.6696509e-02	-5.6607748e-02	-3.0088761e-02
5.6800000e+02	-1.3237866e-02	2.6225667e-02	-8.6666308e-02	-5.6571020e-02	-3.0095288e-02
5.6900000e+02	-1.3213321e-02	2.6221123e-02	-8.6642791e-02	-5.6534717e-02	-3.0108074e-02
5.7000000e+02	-1.3186569e-02	2.6217729e-02	-8.6627052e-02	-5.6500095e-02	-3.0126957e-02
5.7100000e+02	-1.3159151e-02	2.6215052e-02	-8.6620817e-02	-5.6469560e-02	-3.0151257e-02
5.7200000e+02	-1.3132074e-02	2.6213240e-02	-8.6623753e-02	-5.6443951e-02	-3.0179802e-02
5.7300000e+02	-1.3106343e-02	2.6212445e-02	-8.6635059e-02	-5.6423872e-02	-3.0211187e-02
5.7400000e+02	-1.3083155e-02	2.6213182e-02	-8.6651633e-02	-5.6408972e-02	-3.0242661e-02
5.7500000e+02	-1.3064394e-02	2.6214742e-02	-8.6670811e-02	-5.6399799e-02	-3.0271011e-02
5.7600000e+02	-1.3051577e-02	2.6216717e-02	-8.6690173e-02	-5.6396663e-02	-3.0293510e-02
5.7700000e+02	-1.3044939e-02	2.6217848e-02	-8.6708459e-02	-5.6399169e-02	-3.0309290e-02
5.7800000e+02	-1.3042473e-02	2.6218348e-02	-8.6724164e-02	-5.6404555e-02	-3.0319609e-02
5.7900000e+02	-1.3041445e-02	2.6218463e-02	-8.6736566e-02	-5.6409728e-02	-3.0326839e-02
5.8000000e+02	-1.3040260e-02	2.6218871e-02	-8.6744996e-02	-5.6412758e-02	-3.0332238e-02
5.8100000e+02	-1.3039098e-02	2.6219281e-02	-8.6750459e-02	-5.6414328e-02	-3.0336131e-02
5.8200000e+02	-1.3039066e-02	2.6219256e-02	-8.6753905e-02	-5.6416018e-02	-3.0337886e-02
5.8300000e+02	-1.3041337e-02	2.6218002e-02	-8.6757158e-02	-5.6419916e-02	-3.0337242e-02
5.8400000e+02	-1.3045562e-02	2.6216060e-02	-8.6760722e-02	-5.6425923e-02	-3.0334799e-02
5.8500000e+02	-1.3050392e-02	2.6213930e-02	-8.6764798e-02	-5.6432791e-02	-3.0332007e-02
5.8600000e+02	-1.3053841e-02	2.6212501e-02	-8.6767962e-02	-5.6437822e-02	-3.0330140e-02
5.8700000e+02	-1.3055866e-02	2.6211402e-02	-8.6770176e-02	-5.6440954e-02	-3.0329222e-02
5.8800000e+02	-1.3057254e-02	2.6210682e-02	-8.6771021e-02	-5.6442765e-02	-3.0328257e-02
5.8900000e+02	-1.3058733e-02	2.6209670e-02	-8.6770811e-02	-5.6444139e-02	-3.0326672e-02
5.9000000e+02	-1.3059716e-02	2.6208461e-02	-8.6768574e-02	-5.6444003e-02	-3.0324571e-02
5.9100000e+02	-1.3059674e-02	2.6206895e-02	-8.6764212e-02	-5.6441780e-02	-3.0322432e-02
5.9200000e+02	-1.3059653e-02	2.6205198e-02	-8.6757636e-02	-5.6438472e-02	-3.0319165e-02
5.9300000e+02	-1.3061159e-02	2.6203102e-02	-8.6749868e-02	-5.6436093e-02	-3.0313775e-02
5.9400000e+02	-1.3066108e-02	2.6200505e-02	-8.6741736e-02	-5.6436976e-02	-3.0304760e-02
5.9500000e+02	-1.3074051e-02	2.6196944e-02	-8.6733283e-02	-5.6440693e-02	-3.0292590e-02
5.9600000e+02	-1.3082315e-02	2.6193446e-02	-8.6723641e-02	-5.6444135e-02	-3.0279506e-02
5.9700000e+02	-1.3088794e-02	2.6190437e-02	-8.6712895e-02	-5.6445241e-02	-3.0267654e-02
5.9800000e+02	-1.3093027e-02	2.6188368e-02	-8.6702019e-02	-5.6444036e-02	-3.0257983e-02
5.9900000e+02	-1.3095204e-02	2.6186436e-02	-8.6692461e-02	-5.6441434e-02	-3.0251027e-02
6.0000000e+02	-1.3096692e-02	2.6184567e-02	-8.6685349e-02	-5.6439367e-02	-3.0245983e-02
