# Force coefficients
# liftDir     : (0.0000000e+00 0.0000000e+00 1.0000000e+00)
# dragDir     : (1.0000000e+00 0.0000000e+00 0.0000000e+00)
# pitchAxis   : (0.0000000e+00 1.0000000e+00 0.0000000e+00)
# magUInf     : 4.4700000e+01
# lRef        : 2.9250000e-01
# Aref        : 5.3500000e-01
# CofR        : (0.0000000e+00 0.0000000e+00 0.0000000e+00)
# Time        	Cm            	Cd            	Cl            	Cl(f)         	Cl(r)         	Cm	Cd	Cl	Cl(f)	Cl(r)
1.0000000e+00	4.2631752e-02	9.1656509e-02	6.9572609e-02	7.7418056e-02	-7.8454469e-03
2.0000000e+00	7.3349318e-02	1.0519530e-01	1.5867968e-01	1.5268916e-01	5.9905226e-03
3.0000000e+00	9.0461210e-02	9.8204615e-02	1.9211048e-01	1.8651645e-01	5.5940281e-03
4.0000000e+00	8.9226398e-02	6.0332834e-02	1.5882933e-01	1.6864106e-01	-9.8117335e-03
5.0000000e+00	7.1975145e-02	1.0660651e-02	9.1658043e-02	1.1780417e-01	-2.6146124e-02
6.0000000e+00	4.7608818e-02	-1.5543434e-02	5.2348977e-02	7.3783306e-02	-2.1434329e-02
7.0000000e+00	3.1893286e-02	-4.8724958e-03	6.9139103e-02	6.6462838e-02	2.6762653e-03
8.0000000e+00	2.7858357e-02	2.7662397e-02	1.2910441e-01	9.2410564e-02	3.6693849e-02
9.0000000e+00	3.8717734e-02	5.9131632e-02	2.0247412e-01	1.3995479e-01	6.2519325e-02
1.0000000e+01	5.6275073e-02	6.7171943e-02	2.4120342e-01	1.7687678e-01	6.4326635e-02
1.1000000e+01	6.9558878e-02	5.3349327e-02	2.3734553e-01	1.8823164e-01	4.9113888e-02
1.2000000e+01	7.3630615e-02	2.9101054e-02	2.0221561e-01	1.7473842e-01	2.7477189e-02
1.3000000e+01	6.6646863e-02	1.0516087e-02	1.6191756e-01	1.4760564e-01	1.4311919e-02
1.4000000e+01	5.5358822e-02	7.2052786e-03	1.4347757e-01	1.2709761e-01	1.6379964e-02
1.5000000e+01	4.6823306e-02	1.6458911e-02	1.5176069e-01	1.2270365e-01	2.9057041e-02
1.6000000e+01	4.6050245e-02	3.1429184e-02	1.8266813e-01	1.3738431e-01	4.5283821e-02
1.7000000e+01	5.3357161e-02	4.2586950e-02	2.1747246e-01	1.6209339e-01	5.5379066e-02
1.8000000e+01	6.3918580e-02	4.4932005e-02	2.3844067e-01	1.8313891e-01	5.5301756e-02
1.9000000e+01	7.2893132e-02	3.9607154e-02	2.4022346e-01	1.9300486e-01	4.7218598e-02
2.0000000e+01	7.7107238e-02	3.0603330e-02	2.2517357e-01	1.8969402e-01	3.5479547e-02
2.1000000e+01	7.6105322e-02	2.3375396e-02	2.0460529e-01	1.7840797e-01	2.6197322e-02
2.2000000e+01	7.2552328e-02	2.1327959e-02	1.9146213e-01	1.6828339e-01	2.3178737e-02
2.3000000e+01	6.9674655e-02	2.4217023e-02	1.9126929e-01	1.6530930e-01	2.5959989e-02
2.4000000e+01	6.9564699e-02	2.9787482e-02	2.0328616e-01	1.7120778e-01	3.2078384e-02
2.5000000e+01	7.2615316e-02	3.4739430e-02	2.2050655e-01	1.8286859e-01	3.7637960e-02
2.6000000e+01	7.7343253e-02	3.6602865e-02	2.3349735e-01	1.9409193e-01	3.9405422e-02
2.7000000e+01	8.1828417e-02	3.5217070e-02	2.3770199e-01	2.0067941e-01	3.7022576e-02
2.8000000e+01	8.4821015e-02	3.1850247e-02	2.3339153e-01	2.0151678e-01	3.1874749e-02
2.9000000e+01	8.5716792e-02	2.8466787e-02	2.2439406e-01	1.9791382e-01	2.6480238e-02
3.0000000e+01	8.4973243e-02	2.6808368e-02	2.1689906e-01	1.9342277e-01	2.3476285e-02
3.1000000e+01	8.3744718e-02	2.7239473e-02	2.1472523e-01	1.9110733e-01	2.3617897e-02
3.2000000e+01	8.3027994e-02	2.9114744e-02	2.1843210e-01	1.9224405e-01	2.6188057e-02
3.3000000e+01	8.3457908e-02	3.1289160e-02	2.2614419e-01	1.9653000e-01	2.9614189e-02
3.4000000e+01	8.5014966e-02	3.2539682e-02	2.3372034e-01	2.0187513e-01	3.1845203e-02
3.5000000e+01	8.7068187e-02	3.2416715e-02	2.3791883e-01	2.0602760e-01	3.1891230e-02
3.6000000e+01	8.8973133e-02	3.1264950e-02	2.3813988e-01	2.0804307e-01	3.0096807e-02
3.7000000e+01	9.0242382e-02	2.9745962e-02	2.3533601e-01	2.0791039e-01	2.7425622e-02
3.8000000e+01	9.0618351e-02	2.8612988e-02	2.3170350e-01	2.0647010e-01	2.5233398e-02
3.9000000e+01	9.0299657e-02	2.8290709e-02	2.2953883e-01	2.0506907e-01	2.4469760e-02
4.0000000e+01	8.9735736e-02	2.8703322e-02	2.2982376e-01	2.0464761e-01	2.5176142e-02
4.1000000e+01	8.9368981e-02	2.9523455e-02	2.3246514e-01	2.0560155e-01	2.6863590e-02
4.2000000e+01	8.9547502e-02	3.0276672e-02	2.3629513e-01	2.0769507e-01	2.8600061e-02
4.3000000e+01	9.0292275e-02	3.0578628e-02	2.3954187e-01	2.1006321e-01	2.9478659e-02
4.4000000e+01	9.1339103e-02	3.0383578e-02	2.4122791e-01	2.1195306e-01	2.9274852e-02
4.5000000e+01	9.2396177e-02	2.9860224e-02	2.4132350e-01	2.1305793e-01	2.8265574e-02
4.6000000e+01	9.3176191e-02	2.9254459e-02	2.4030184e-01	2.1332711e-01	2.6974731e-02
4.7000000e+01	9.3497294e-02	2.8814147e-02	2.3903652e-01	2.1301555e-01	2.6020964e-02
4.8000000e+01	9.3409752e-02	2.8661889e-02	2.3835524e-01	2.1258737e-01	2.5767867e-02
4.9000000e+01	9.3112740e-02	2.8774269e-02	2.3865662e-01	2.1244105e-01	2.6215572e-02
5.0000000e+01	9.2858751e-02	2.9048096e-02	2.3997316e-01	2.1284533e-01	2.7127831e-02
5.1000000e+01	9.2892255e-02	2.9316902e-02	2.4186738e-01	2.1382595e-01	2.8041437e-02
5.2000000e+01	9.3287587e-02	2.9432296e-02	2.4361517e-01	2.1509517e-01	2.8519997e-02
5.3000000e+01	9.3933255e-02	2.9359917e-02	2.4474766e-01	2.1630708e-01	2.8440575e-02
5.4000000e+01	9.4676227e-02	2.9145540e-02	2.4519202e-01	2.1727224e-01	2.7919786e-02
5.5000000e+01	9.5306776e-02	2.8872635e-02	2.4504597e-01	2.1782976e-01	2.7216211e-02
5.6000000e+01	9.5652398e-02	2.8646689e-02	2.4465211e-01	2.1797845e-01	2.6673658e-02
5.7000000e+01	9.5705517e-02	2.8533887e-02	2.4441356e-01	2.1791230e-01	2.6501262e-02
5.8000000e+01	9.5590149e-02	2.8539429e-02	2.4458536e-01	2.1788283e-01	2.6702529e-02
5.9000000e+01	9.5484302e-02	2.8631337e-02	2.4525538e-01	2.1811199e-01	2.7143388e-02
6.0000000e+01	9.5558593e-02	2.8739584e-02	2.4626852e-01	2.1869285e-01	2.7575668e-02
6.1000000e+01	9.5862623e-02	2.8794865e-02	2.4728626e-01	2.1950575e-01	2.7780506e-02
6.2000000e+01	9.6329423e-02	2.8773078e-02	2.4807055e-01	2.2036470e-01	2.7705853e-02
6.3000000e+01	9.6848592e-02	2.8686528e-02	2.4854301e-01	2.2112010e-01	2.7422913e-02
6.4000000e+01	9.7293438e-02	2.8563664e-02	2.4872180e-01	2.2165434e-01	2.7067463e-02
6.5000000e+01	9.7567609e-02	2.8445263e-02	2.4872458e-01	2.2192990e-01	2.6794681e-02
6.6000000e+01	9.7674731e-02	2.8362328e-02	2.4872998e-01	2.2203972e-01	2.6690258e-02
6.7000000e+01	9.7691325e-02	2.8325732e-02	2.4887521e-01	2.2212893e-01	2.6746281e-02
6.8000000e+01	9.7716493e-02	2.8329473e-02	2.4922977e-01	2.2233138e-01	2.6898391e-02
6.9000000e+01	9.7865878e-02	2.8393775e-02	2.5000887e-01	2.2287031e-01	2.7138558e-02
7.0000000e+01	9.8065996e-02	2.8385713e-02	2.5043371e-01	2.2328285e-01	2.7150859e-02
7.1000000e+01	9.8355892e-02	2.8359347e-02	2.5083473e-01	2.2377325e-01	2.7061470e-02
7.2000000e+01	9.8690673e-02	2.8317300e-02	2.5120259e-01	2.2429197e-01	2.6910621e-02
7.3000000e+01	9.8986812e-02	2.8266717e-02	2.5150360e-01	2.2473861e-01	2.6764987e-02
7.4000000e+01	9.9189957e-02	2.8216774e-02	2.5173695e-01	2.2505843e-01	2.6678516e-02
7.5000000e+01	9.9298846e-02	2.8176631e-02	2.5193418e-01	2.2526594e-01	2.6668244e-02
7.6000000e+01	9.9355498e-02	2.8150552e-02	2.5214148e-01	2.2542624e-01	2.6715242e-02
7.7000000e+01	9.9416165e-02	2.8137894e-02	2.5239227e-01	2.2561230e-01	2.6779969e-02
7.8000000e+01	9.9520913e-02	2.8133198e-02	2.5269802e-01	2.2586993e-01	2.6828099e-02
7.9000000e+01	9.9680330e-02	2.8130999e-02	2.5304841e-01	2.2620454e-01	2.6843876e-02
8.0000000e+01	9.9879848e-02	2.8125179e-02	2.5341766e-01	2.2658868e-01	2.6828983e-02
8.1000000e+01	1.0008726e-01	2.8112007e-02	2.5376902e-01	2.2697177e-01	2.6797252e-02
8.2000000e+01	1.0027069e-01	2.8089974e-02	2.5407448e-01	2.2730793e-01	2.6766556e-02
8.3000000e+01	1.0041357e-01	2.8061937e-02	2.5432783e-01	2.2757748e-01	2.6750346e-02
8.4000000e+01	1.0051689e-01	2.8031906e-02	2.5454116e-01	2.2778748e-01	2.6753686e-02
8.5000000e+01	1.0059515e-01	2.8005445e-02	2.5473735e-01	2.2796383e-01	2.6773521e-02
8.6000000e+01	1.0069879e-01	2.7988060e-02	2.5504523e-01	2.2822140e-01	2.6823829e-02
8.7000000e+01	1.0076439e-01	2.7975070e-02	2.5520007e-01	2.2836442e-01	2.6835643e-02
8.8000000e+01	1.0085286e-01	2.7967927e-02	2.5538398e-01	2.2854485e-01	2.6839131e-02
8.9000000e+01	1.0102331e-01	2.7970895e-02	2.5573935e-01	2.2889299e-01	2.6846368e-02
9.0000000e+01	1.0113172e-01	2.7962156e-02	2.5595133e-01	2.2910738e-01	2.6843946e-02
9.1000000e+01	1.0124303e-01	2.7949710e-02	2.5617439e-01	2.2933022e-01	2.6844167e-02
9.2000000e+01	1.0140256e-01	2.7931606e-02	2.5652008e-01	2.2966260e-01	2.6857485e-02
9.3000000e+01	1.0148088e-01	2.7915451e-02	2.5668528e-01	2.2982352e-01	2.6861755e-02
9.4000000e+01	1.0155260e-01	2.7899360e-02	2.5683252e-01	2.2996886e-01	2.6863661e-02
9.5000000e+01	1.0163426e-01	2.7884723e-02	2.5698958e-01	2.3012905e-01	2.6860527e-02
9.6000000e+01	1.0173245e-01	2.7872900e-02	2.5717094e-01	2.3031792e-01	2.6853025e-02
9.7000000e+01	1.0184255e-01	2.7865532e-02	2.5737339e-01	2.3052925e-01	2.6844145e-02
9.8000000e+01	1.0195649e-01	2.7861075e-02	2.5758421e-01	2.3074860e-01	2.6835611e-02
9.9000000e+01	1.0206721e-01	2.7857497e-02	2.5778799e-01	2.3096120e-01	2.6826789e-02
1.0000000e+02	1.0217250e-01	2.7851928e-02	2.5797623e-01	2.3116062e-01	2.6815612e-02
1.0100000e+02	1.0227279e-01	2.7843556e-02	2.5814551e-01	2.3134555e-01	2.6799968e-02
1.0200000e+02	1.0236951e-01	2.7832485e-02	2.5829741e-01	2.3151821e-01	2.6779196e-02
1.0300000e+02	1.0246332e-01	2.7821082e-02	2.5843513e-01	2.3168088e-01	2.6754244e-02
1.0400000e+02	1.0255651e-01	2.7810804e-02	2.5856621e-01	2.3183961e-01	2.6726596e-02
1.0500000e+02	1.0265066e-01	2.7803247e-02	2.5869653e-01	2.3199892e-01	2.6697607e-02
1.0600000e+02	1.0274740e-01	2.7798026e-02	2.5883068e-01	2.3216274e-01	2.6667944e-02
1.0700000e+02	1.0284618e-01	2.7794528e-02	2.5896760e-01	2.3232998e-01	2.6637622e-02
1.0800000e+02	1.0294576e-01	2.7791036e-02	2.5910420e-01	2.3249787e-01	2.6606339e-02
1.0900000e+02	1.0304413e-01	2.7786886e-02	2.5923535e-01	2.3266180e-01	2.6573541e-02
1.1000000e+02	1.0314147e-01	2.7780775e-02	2.5935884e-01	2.3282089e-01	2.6537945e-02
1.1100000e+02	1.0323789e-01	2.7772982e-02	2.5947356e-01	2.3297468e-01	2.6498888e-02
1.1200000e+02	1.0333329e-01	2.7763896e-02	2.5957998e-01	2.3312328e-01	2.6456700e-02
1.1300000e+02	1.0342698e-01	2.7755017e-02	2.5967842e-01	2.3326619e-01	2.6412225e-02
1.1400000e+02	1.0351995e-01	2.7746631e-02	2.5977173e-01	2.3340582e-01	2.6365910e-02
1.1500000e+02	1.0361236e-01	2.7739610e-02	2.5986177e-01	2.3354324e-01	2.6318527e-02
1.1600000e+02	1.0370433e-01	2.7733571e-02	2.5995028e-01	2.3367947e-01	2.6270814e-02
1.1700000e+02	1.0379573e-01	2.7728529e-02	2.6003795e-01	2.3381471e-01	2.6223240e-02
1.1800000e+02	1.0388694e-01	2.7723336e-02	2.6012606e-01	2.3394997e-01	2.6176095e-02
1.1900000e+02	1.0397704e-01	2.7717712e-02	2.6021375e-01	2.3408391e-01	2.6129836e-02
1.2000000e+02	1.0406637e-01	2.7710618e-02	2.6030060e-01	2.3421667e-01	2.6083927e-02
1.2100000e+02	1.0415487e-01	2.7702394e-02	2.6038473e-01	2.3434724e-01	2.6037491e-02
1.2200000e+02	1.0424278e-01	2.7692924e-02	2.6046408e-01	2.3447482e-01	2.5989258e-02
1.2300000e+02	1.0437428e-01	2.7688316e-02	2.6061314e-01	2.3468085e-01	2.5932290e-02
1.2400000e+02	1.0443025e-01	2.7676025e-02	2.6064265e-01	2.3475157e-01	2.5891072e-02
1.2500000e+02	1.0448824e-01	2.7663316e-02	2.6066260e-01	2.3481954e-01	2.5843057e-02
1.2600000e+02	1.0458763e-01	2.7655733e-02	2.6071132e-01	2.3494330e-01	2.5768028e-02
1.2700000e+02	1.0465672e-01	2.7645122e-02	2.6074133e-01	2.3502738e-01	2.5713949e-02
1.2800000e+02	1.0476145e-01	2.7643645e-02	2.6082239e-01	2.3517264e-01	2.5649748e-02
1.2900000e+02	1.0482285e-01	2.7635539e-02	2.6086038e-01	2.3525304e-01	2.5607345e-02
1.3000000e+02	1.0488892e-01	2.7629176e-02	2.6090477e-01	2.3534131e-01	2.5563459e-02
1.3100000e+02	1.0499770e-01	2.7634268e-02	2.6101108e-01	2.3550324e-01	2.5507844e-02
1.3200000e+02	1.0505759e-01	2.7626729e-02	2.6104090e-01	2.3557804e-01	2.5462857e-02
1.3300000e+02	1.0511956e-01	2.7619116e-02	2.6106676e-01	2.3565294e-01	2.5413821e-02
1.3400000e+02	1.0522456e-01	2.7619315e-02	2.6114467e-01	2.3579689e-01	2.5347779e-02
1.3500000e+02	1.0527770e-01	2.7610579e-02	2.6116108e-01	2.3585824e-01	2.5302844e-02
1.3600000e+02	1.0533446e-01	2.7603059e-02	2.6118267e-01	2.3592580e-01	2.5256872e-02
1.3700000e+02	1.0543295e-01	2.7605563e-02	2.6126337e-01	2.3606464e-01	2.5198735e-02
1.3800000e+02	1.0548352e-01	2.7598772e-02	2.6128523e-01	2.3612614e-01	2.5159090e-02
1.3900000e+02	1.0553609e-01	2.7593533e-02	2.6131104e-01	2.3619162e-01	2.5119427e-02
1.4000000e+02	1.0559832e-01	2.7590528e-02	2.6134714e-01	2.3627189e-01	2.5075249e-02
1.4100000e+02	1.0570586e-01	2.7597988e-02	2.6144977e-01	2.3643074e-01	2.5019026e-02
1.4200000e+02	1.0575480e-01	2.7592346e-02	2.6147100e-01	2.3649030e-01	2.4980698e-02
1.4300000e+02	1.0580202e-01	2.7586009e-02	2.6148779e-01	2.3654591e-01	2.4941876e-02
1.4400000e+02	1.0585745e-01	2.7580124e-02	2.6151098e-01	2.3661294e-01	2.4898034e-02
1.4500000e+02	1.0592202e-01	2.7576239e-02	2.6154610e-01	2.3669507e-01	2.4851027e-02
1.4600000e+02	1.0602618e-01	2.7579449e-02	2.6164939e-01	2.3685087e-01	2.4798516e-02
1.4700000e+02	1.0607054e-01	2.7574637e-02	2.6167444e-01	2.3690776e-01	2.4766677e-02
1.4800000e+02	1.0611167e-01	2.7569191e-02	2.6169566e-01	2.3695950e-01	2.4736164e-02
1.4900000e+02	1.0616197e-01	2.7564283e-02	2.6172269e-01	2.3702331e-01	2.4699377e-02
1.5000000e+02	1.0622497e-01	2.7560190e-02	2.6176095e-01	2.3710544e-01	2.4655504e-02
1.5100000e+02	1.0633426e-01	2.7562863e-02	2.6186149e-01	2.3726500e-01	2.4596487e-02
1.5200000e+02	1.0638084e-01	2.7558320e-02	2.6188869e-01	2.3732519e-01	2.4563504e-02
1.5300000e+02	1.0642444e-01	2.7553369e-02	2.6191232e-01	2.3738060e-01	2.4531715e-02
1.5400000e+02	1.0647472e-01	2.7547636e-02	2.6194037e-01	2.3744490e-01	2.4495465e-02
1.5500000e+02	1.0653128e-01	2.7541844e-02	2.6197518e-01	2.3751887e-01	2.4456315e-02
1.5600000e+02	1.0658934e-01	2.7535932e-02	2.6201567e-01	2.3759717e-01	2.4418497e-02
1.5700000e+02	1.0664546e-01	2.7531149e-02	2.6205824e-01	2.3767458e-01	2.4383660e-02
1.5800000e+02	1.0670082e-01	2.7527196e-02	2.6210217e-01	2.3775191e-01	2.4350262e-02
1.5900000e+02	1.0675354e-01	2.7523445e-02	2.6214336e-01	2.3782522e-01	2.4318145e-02
1.6000000e+02	1.0680360e-01	2.7518600e-02	2.6218052e-01	2.3789386e-01	2.4286658e-02
1.6100000e+02	1.0685389e-01	2.7513343e-02	2.6221553e-01	2.3796165e-01	2.4253872e-02
1.6200000e+02	1.0690468e-01	2.7507679e-02	2.6224957e-01	2.3802947e-01	2.4220106e-02
1.6300000e+02	1.0695313e-01	2.7502627e-02	2.6228115e-01	2.3809371e-01	2.4187442e-02
1.6400000e+02	1.0699803e-01	2.7498306e-02	2.6230986e-01	2.3815296e-01	2.4156895e-02
1.6500000e+02	1.0704157e-01	2.7495481e-02	2.6233683e-01	2.3820998e-01	2.4126845e-02
1.6600000e+02	1.0708743e-01	2.7493436e-02	2.6236504e-01	2.3826995e-01	2.4095085e-02
1.6700000e+02	1.0713597e-01	2.7492211e-02	2.6239478e-01	2.3833336e-01	2.4061418e-02
1.6800000e+02	1.0718586e-01	2.7490818e-02	2.6242604e-01	2.3839888e-01	2.4027160e-02
1.6900000e+02	1.0723421e-01	2.7489460e-02	2.6245722e-01	2.3846282e-01	2.3994404e-02
1.7000000e+02	1.0728009e-01	2.7487773e-02	2.6248844e-01	2.3852431e-01	2.3964127e-02
1.7100000e+02	1.0732170e-01	2.7486300e-02	2.6251844e-01	2.3858092e-01	2.3937520e-02
1.7200000e+02	1.0735911e-01	2.7484961e-02	2.6254664e-01	2.3863243e-01	2.3914206e-02
1.7300000e+02	1.0739475e-01	2.7484701e-02	2.6257358e-01	2.3868153e-01	2.3892043e-02
1.7400000e+02	1.0743113e-01	2.7485099e-02	2.6260102e-01	2.3873164e-01	2.3869383e-02
1.7500000e+02	1.0746826e-01	2.7486370e-02	2.6262853e-01	2.3878252e-01	2.3846007e-02
1.7600000e+02	1.0750511e-01	2.7488050e-02	2.6265545e-01	2.3883284e-01	2.3822617e-02
1.7700000e+02	1.0754202e-01	2.7490930e-02	2.6268181e-01	2.3888292e-01	2.3798882e-02
1.7800000e+02	1.0757723e-01	2.7494406e-02	2.6270679e-01	2.3893062e-01	2.3776169e-02
1.7900000e+02	1.0760861e-01	2.7498862e-02	2.6272889e-01	2.3897306e-01	2.3755837e-02
1.8000000e+02	1.0763726e-01	2.7504183e-02	2.6274946e-01	2.3901199e-01	2.3737471e-02
1.8100000e+02	1.0766555e-01	2.7510919e-02	2.6277014e-01	2.3905062e-01	2.3719517e-02
1.8200000e+02	1.0769538e-01	2.7518136e-02	2.6279268e-01	2.3909172e-01	2.3700961e-02
1.8300000e+02	1.0772625e-01	2.7526080e-02	2.6281674e-01	2.3913462e-01	2.3682113e-02
1.8400000e+02	1.0775787e-01	2.7533747e-02	2.6284209e-01	2.3917892e-01	2.3663172e-02
1.8500000e+02	1.0778785e-01	2.7541069e-02	2.6286618e-01	2.3922094e-01	2.3645245e-02
1.8600000e+02	1.0781565e-01	2.7547304e-02	2.6288795e-01	2.3925963e-01	2.3628323e-02
1.8700000e+02	1.0784081e-01	2.7552878e-02	2.6290544e-01	2.3929353e-01	2.3611905e-02
1.8800000e+02	1.0786507e-01	2.7557977e-02	2.6291933e-01	2.3932474e-01	2.3594589e-02
1.8900000e+02	1.0788975e-01	2.7563503e-02	2.6293055e-01	2.3935502e-01	2.3575530e-02
1.9000000e+02	1.0791534e-01	2.7569516e-02	2.6294134e-01	2.3938601e-01	2.3555329e-02
1.9100000e+02	1.0794087e-01	2.7576005e-02	2.6295250e-01	2.3941712e-01	2.3535381e-02
1.9200000e+02	1.0796774e-01	2.7581791e-02	2.6296616e-01	2.3945082e-01	2.3515341e-02
1.9300000e+02	1.0799593e-01	2.7586338e-02	2.6298165e-01	2.3948676e-01	2.3494894e-02
1.9400000e+02	1.0802581e-01	2.7588652e-02	2.6299823e-01	2.3952493e-01	2.3473306e-02
1.9500000e+02	1.0805646e-01	2.7589479e-02	2.6301374e-01	2.3956333e-01	2.3450407e-02
1.9600000e+02	1.0808832e-01	2.7588831e-02	2.6302832e-01	2.3960247e-01	2.3425844e-02
1.9700000e+02	1.0812199e-01	2.7587413e-02	2.6304212e-01	2.3964305e-01	2.3399069e-02
1.9800000e+02	1.0815797e-01	2.7584678e-02	2.6305615e-01	2.3968605e-01	2.3370104e-02
1.9900000e+02	1.0819519e-01	2.7580993e-02	2.6306983e-01	2.3973010e-01	2.3339723e-02
2.0000000e+02	1.0823259e-01	2.7576365e-02	2.6308281e-01	2.3977400e-01	2.3308809e-02
2.0100000e+02	1.0826810e-01	2.7571632e-02	2.6309261e-01	2.3981441e-01	2.3278208e-02
2.0200000e+02	1.0830103e-01	2.7566624e-02	2.6309709e-01	2.3984958e-01	2.3247513e-02
2.0300000e+02	1.0833067e-01	2.7562143e-02	2.6309486e-01	2.3987810e-01	2.3216759e-02
2.0400000e+02	1.0835824e-01	2.7558336e-02	2.6308803e-01	2.3990225e-01	2.3185779e-02
2.0500000e+02	1.0838409e-01	2.7556372e-02	2.6307865e-01	2.3992341e-01	2.3155235e-02
2.0600000e+02	1.0840843e-01	2.7555603e-02	2.6306921e-01	2.3994304e-01	2.3126171e-02
2.0700000e+02	1.0843158e-01	2.7555752e-02	2.6305990e-01	2.3996153e-01	2.3098370e-02
2.0800000e+02	1.0845452e-01	2.7555577e-02	2.6305118e-01	2.3998011e-01	2.3071068e-02
2.0900000e+02	1.0847711e-01	2.7554756e-02	2.6304234e-01	2.3999828e-01	2.3044060e-02
2.1000000e+02	1.0850032e-01	2.7553082e-02	2.6303464e-01	2.4001764e-01	2.3017005e-02
2.1100000e+02	1.0852451e-01	2.7551696e-02	2.6302841e-01	2.4003872e-01	2.2989691e-02
2.1200000e+02	1.0855062e-01	2.7550493e-02	2.6302443e-01	2.4006284e-01	2.2961594e-02
2.1300000e+02	1.0857791e-01	2.7549940e-02	2.6302080e-01	2.4008831e-01	2.2932486e-02
2.1400000e+02	1.0860463e-01	2.7550046e-02	2.6301547e-01	2.4011237e-01	2.2903100e-02
2.1500000e+02	1.0862888e-01	2.7551468e-02	2.6300712e-01	2.4013244e-01	2.2874685e-02
2.1600000e+02	1.0865022e-01	2.7554163e-02	2.6299694e-01	2.4014869e-01	2.2848254e-02
2.1700000e+02	1.0866802e-01	2.7558866e-02	2.6298632e-01	2.4016118e-01	2.2825136e-02
2.1800000e+02	1.0868308e-01	2.7564518e-02	2.6297733e-01	2.4017175e-01	2.2805585e-02
2.1900000e+02	1.0869515e-01	2.7570913e-02	2.6296899e-01	2.4017964e-01	2.2789349e-02
2.2000000e+02	1.0870521e-01	2.7577845e-02	2.6296152e-01	2.4018597e-01	2.2775544e-02
2.2100000e+02	1.0871504e-01	2.7585198e-02	2.6295589e-01	2.4019299e-01	2.2762900e-02
2.2200000e+02	1.0872553e-01	2.7592080e-02	2.6295263e-01	2.4020185e-01	2.2750781e-02
2.2300000e+02	1.0873638e-01	2.7598757e-02	2.6295056e-01	2.4021166e-01	2.2738897e-02
2.2400000e+02	1.0874906e-01	2.7604321e-02	2.6295169e-01	2.4022491e-01	2.2726782e-02
2.2500000e+02	1.0876339e-01	2.7608331e-02	2.6295916e-01	2.4024296e-01	2.2716192e-02
2.2600000e+02	1.0878093e-01	2.7608790e-02	2.6297768e-01	2.4026977e-01	2.2707907e-02
2.2700000e+02	1.0880051e-01	2.7606301e-02	2.6300532e-01	2.4030318e-01	2.2702146e-02
2.2800000e+02	1.0882209e-01	2.7600263e-02	2.6303833e-01	2.4034126e-01	2.2697076e-02
2.2900000e+02	1.0884481e-01	2.7591642e-02	2.6307252e-01	2.4038107e-01	2.2691452e-02
2.3000000e+02	1.0886859e-01	2.7580190e-02	2.6310615e-01	2.4042167e-01	2.2684488e-02
2.3100000e+02	1.0889237e-01	2.7566995e-02	2.6313821e-01	2.4046148e-01	2.2676737e-02
2.3200000e+02	1.0891567e-01	2.7552780e-02	2.6316996e-01	2.4050064e-01	2.2669313e-02
2.3300000e+02	1.0893650e-01	2.7539319e-02	2.6320087e-01	2.4053694e-01	2.2663937e-02
2.3400000e+02	1.0895386e-01	2.7526738e-02	2.6323024e-01	2.4056898e-01	2.2661255e-02
2.3500000e+02	1.0896696e-01	2.7515416e-02	2.6325580e-01	2.4059486e-01	2.2660946e-02
2.3600000e+02	1.0897661e-01	2.7505771e-02	2.6327734e-01	2.4061528e-01	2.2662063e-02
2.3700000e+02	1.0898341e-01	2.7498471e-02	2.6329410e-01	2.4063046e-01	2.2663643e-02
2.3800000e+02	1.0898842e-01	2.7492299e-02	2.6330704e-01	2.4064194e-01	2.2665103e-02
2.3900000e+02	1.0899228e-01	2.7486182e-02	2.6331668e-01	2.4065063e-01	2.2666058e-02
2.4000000e+02	1.0899728e-01	2.7478541e-02	2.6332501e-01	2.4065979e-01	2.2665222e-02
2.4100000e+02	1.0900300e-01	2.7469154e-02	2.6333168e-01	2.4066885e-01	2.2662839e-02
2.4200000e+02	1.0900969e-01	2.7458507e-02	2.6333718e-01	2.4067828e-01	2.2658895e-02
2.4300000e+02	1.0901688e-01	2.7448690e-02	2.6334103e-01	2.4068740e-01	2.2653636e-02
2.4400000e+02	1.0902539e-01	2.7440778e-02	2.6334427e-01	2.4069752e-01	2.2646744e-02
2.4500000e+02	1.0903422e-01	2.7435848e-02	2.6334600e-01	2.4070722e-01	2.2638781e-02
2.4600000e+02	1.0904302e-01	2.7433323e-02	2.6334600e-01	2.4071602e-01	2.2629979e-02
2.4700000e+02	1.0905126e-01	2.7432354e-02	2.6334213e-01	2.4072233e-01	2.2619803e-02
2.4800000e+02	1.0905933e-01	2.7431117e-02	2.6333436e-01	2.4072651e-01	2.2607851e-02
2.4900000e+02	1.0906556e-01	2.7429072e-02	2.6332196e-01	2.4072654e-01	2.2595417e-02
2.5000000e+02	1.0906871e-01	2.7425658e-02	2.6330602e-01	2.4072173e-01	2.2584298e-02
2.5100000e+02	1.0906877e-01	2.7422092e-02	2.6328828e-01	2.4071291e-01	2.2575366e-02
2.5200000e+02	1.0906738e-01	2.7420070e-02	2.6327176e-01	2.4070326e-01	2.2568497e-02
2.5300000e+02	1.0906446e-01	2.7421524e-02	2.6325703e-01	2.4069298e-01	2.2564055e-02
2.5400000e+02	1.0906003e-01	2.7425525e-02	2.6324482e-01	2.4068244e-01	2.2562381e-02
2.5500000e+02	1.0905468e-01	2.7431369e-02	2.6323535e-01	2.4067235e-01	2.2562998e-02
2.5600000e+02	1.0904953e-01	2.7438242e-02	2.6322918e-01	2.4066412e-01	2.2565056e-02
2.5700000e+02	1.0904343e-01	2.7446230e-02	2.6322540e-01	2.4065614e-01	2.2569266e-02
2.5800000e+02	1.0903717e-01	2.7454597e-02	2.6322464e-01	2.4064949e-01	2.2575149e-02
2.5900000e+02	1.0903180e-01	2.7463694e-02	2.6322697e-01	2.4064529e-01	2.2581678e-02
2.6000000e+02	1.0902933e-01	2.7472469e-02	2.6323305e-01	2.4064585e-01	2.2587193e-02
2.6100000e+02	1.0902898e-01	2.7480965e-02	2.6324063e-01	2.4064930e-01	2.2591333e-02
2.6200000e+02	1.0902966e-01	2.7489229e-02	2.6324760e-01	2.4065346e-01	2.2594145e-02
2.6300000e+02	1.0902983e-01	2.7498377e-02	2.6325187e-01	2.4065576e-01	2.2596105e-02
2.6400000e+02	1.0902870e-01	2.7508246e-02	2.6325339e-01	2.4065539e-01	2.2597996e-02
2.6500000e+02	1.0902556e-01	2.7518336e-02	2.6325127e-01	2.4065120e-01	2.2600078e-02
2.6600000e+02	1.0902172e-01	2.7527009e-02	2.6324672e-01	2.4064508e-01	2.2601645e-02
2.6700000e+02	1.0901870e-01	2.7533716e-02	2.6323988e-01	2.4063864e-01	2.2601236e-02
2.6800000e+02	1.0901813e-01	2.7538285e-02	2.6323254e-01	2.4063440e-01	2.2598140e-02
2.6900000e+02	1.0901986e-01	2.7541442e-02	2.6322535e-01	2.4063254e-01	2.2592810e-02
2.7000000e+02	1.0902321e-01	2.7543279e-02	2.6321990e-01	2.4063317e-01	2.2586736e-02
2.7100000e+02	1.0902829e-01	2.7544586e-02	2.6321609e-01	2.4063633e-01	2.2579758e-02
2.7200000e+02	1.0903534e-01	2.7544673e-02	2.6321375e-01	2.4064222e-01	2.2571532e-02
2.7300000e+02	1.0904465e-01	2.7543287e-02	2.6321092e-01	2.4065011e-01	2.2560811e-02
2.7400000e+02	1.0905780e-01	2.7539724e-02	2.6320689e-01	2.4066125e-01	2.2545643e-02
2.7500000e+02	1.0907519e-01	2.7534499e-02	2.6320039e-01	2.4067539e-01	2.2525009e-02
2.7600000e+02	1.0909691e-01	2.7527799e-02	2.6319173e-01	2.4069278e-01	2.2498950e-02
2.7700000e+02	1.0912101e-01	2.7520612e-02	2.6318008e-01	2.4071105e-01	2.2469033e-02
2.7800000e+02	1.0914650e-01	2.7513242e-02	2.6316703e-01	2.4073001e-01	2.2437019e-02
2.7900000e+02	1.0917209e-01	2.7506624e-02	2.6315309e-01	2.4074864e-01	2.2404455e-02
2.8000000e+02	1.0919719e-01	2.7500296e-02	2.6313904e-01	2.4076670e-01	2.2372332e-02
2.8100000e+02	1.0922074e-01	2.7494746e-02	2.6312421e-01	2.4078285e-01	2.2341359e-02
2.8200000e+02	1.0924305e-01	2.7489430e-02	2.6310904e-01	2.4079757e-01	2.2311467e-02
2.8300000e+02	1.0926463e-01	2.7484961e-02	2.6309344e-01	2.4081135e-01	2.2282092e-02
2.8400000e+02	1.0928699e-01	2.7481038e-02	2.6307825e-01	2.4082612e-01	2.2252134e-02
2.8500000e+02	1.0930943e-01	2.7478178e-02	2.6306338e-01	2.4084112e-01	2.2222256e-02
2.8600000e+02	1.0931991e-01	2.7477120e-02	2.6305614e-01	2.4084798e-01	2.2208158e-02
2.8700000e+02	1.0934878e-01	2.7474605e-02	2.6304052e-01	2.4086904e-01	2.2171482e-02
2.8800000e+02	1.0937826e-01	2.7471931e-02	2.6302705e-01	2.4089178e-01	2.2135266e-02
2.8900000e+02	1.0938961e-01	2.7471839e-02	2.6302213e-01	2.4090068e-01	2.2121450e-02
2.9000000e+02	1.0942305e-01	2.7470412e-02	2.6301681e-01	2.4093145e-01	2.2085355e-02
2.9100000e+02	1.0943636e-01	2.7471175e-02	2.6301687e-01	2.4094479e-01	2.2072075e-02
2.9200000e+02	1.0947571e-01	2.7470881e-02	2.6302158e-01	2.4098650e-01	2.2035079e-02
2.9300000e+02	1.0949024e-01	2.7471475e-02	2.6302535e-01	2.4100292e-01	2.2022434e-02
2.9400000e+02	1.0953106e-01	2.7471129e-02	2.6303367e-01	2.4104790e-01	2.1985774e-02
2.9500000e+02	1.0954491e-01	2.7470728e-02	2.6303719e-01	2.4106350e-01	2.1973687e-02
2.9600000e+02	1.0956017e-01	2.7470430e-02	2.6304025e-01	2.4108030e-01	2.1959953e-02
2.9700000e+02	1.0960626e-01	2.7472461e-02	2.6304192e-01	2.4112722e-01	2.1914695e-02
2.9800000e+02	1.0962111e-01	2.7472753e-02	2.6304394e-01	2.4114308e-01	2.1900862e-02
2.9900000e+02	1.0963581e-01	2.7473482e-02	2.6304507e-01	2.4115835e-01	2.1886722e-02
3.0000000e+02	1.0965320e-01	2.7474359e-02	2.6304548e-01	2.4117594e-01	2.1869538e-02
3.0100000e+02	1.0969969e-01	2.7478948e-02	2.6302902e-01	2.4121420e-01	2.1814817e-02
3.0200000e+02	1.0971599e-01	2.7480037e-02	2.6302496e-01	2.4122847e-01	2.1796494e-02
3.0300000e+02	1.0973173e-01	2.7481843e-02	2.6301757e-01	2.4124051e-01	2.1777060e-02
3.0400000e+02	1.0974800e-01	2.7483986e-02	2.6300705e-01	2.4125152e-01	2.1755531e-02
3.0500000e+02	1.0979014e-01	2.7490441e-02	2.6295877e-01	2.4126953e-01	2.1689246e-02
3.0600000e+02	1.0980030e-01	2.7492335e-02	2.6294870e-01	2.4127466e-01	2.1674048e-02
3.0700000e+02	1.0981018e-01	2.7493691e-02	2.6293956e-01	2.4127996e-01	2.1659600e-02
3.0800000e+02	1.0984280e-01	2.7495603e-02	2.6291440e-01	2.4130000e-01	2.1614397e-02
3.0900000e+02	1.0985496e-01	2.7494194e-02	2.6291061e-01	2.4131026e-01	2.1600344e-02
3.1000000e+02	1.0986918e-01	2.7490784e-02	2.6290828e-01	2.4132332e-01	2.1584959e-02
3.1100000e+02	1.0991567e-01	2.7487529e-02	2.6290658e-01	2.4136897e-01	2.1537617e-02
3.1200000e+02	1.0993204e-01	2.7481830e-02	2.6290619e-01	2.4138513e-01	2.1521060e-02
3.1300000e+02	1.0998111e-01	2.7474106e-02	2.6290661e-01	2.4143441e-01	2.1472198e-02
3.1400000e+02	1.0999745e-01	2.7466354e-02	2.6290302e-01	2.4144896e-01	2.1454064e-02
3.1500000e+02	1.1003658e-01	2.7455615e-02	2.6288739e-01	2.4148027e-01	2.1407120e-02
3.1600000e+02	1.1007302e-01	2.7446510e-02	2.6286709e-01	2.4150657e-01	2.1360525e-02
3.1700000e+02	1.1008949e-01	2.7440482e-02	2.6285573e-01	2.4151735e-01	2.1338378e-02
3.1800000e+02	1.1012981e-01	2.7436367e-02	2.6281817e-01	2.4153890e-01	2.1279277e-02
3.1900000e+02	1.1016820e-01	2.7435342e-02	2.6277557e-01	2.4155598e-01	2.1219584e-02
3.2000000e+02	1.1018313e-01	2.7433090e-02	2.6276206e-01	2.4156416e-01	2.1197902e-02
3.2100000e+02	1.1021771e-01	2.7434420e-02	2.6270995e-01	2.4157268e-01	2.1137265e-02
3.2200000e+02	1.1024545e-01	2.7435932e-02	2.6266544e-01	2.4157817e-01	2.1087270e-02
3.2300000e+02	1.1025504e-01	2.7434960e-02	2.6265648e-01	2.4158328e-01	2.1073201e-02
3.2400000e+02	1.1028026e-01	2.7437181e-02	2.6262996e-01	2.4159525e-01	2.1034719e-02
3.2500000e+02	1.1029292e-01	2.7437139e-02	2.6262287e-01	2.4160436e-01	2.1018514e-02
3.2600000e+02	1.1032687e-01	2.7443330e-02	2.6259950e-01	2.4162662e-01	2.0972877e-02
3.2700000e+02	1.1033999e-01	2.7444157e-02	2.6259250e-01	2.4163623e-01	2.0956263e-02
3.2800000e+02	1.1038024e-01	2.7452981e-02	2.6257328e-01	2.4166688e-01	2.0906397e-02
3.2900000e+02	1.1039236e-01	2.7454041e-02	2.6256648e-01	2.4167560e-01	2.0890882e-02
3.3000000e+02	1.1042909e-01	2.7459479e-02	2.6254770e-01	2.4170294e-01	2.0844754e-02
3.3100000e+02	1.1044063e-01	2.7459858e-02	2.6253889e-01	2.4171008e-01	2.0828813e-02
3.3200000e+02	1.1047722e-01	2.7462167e-02	2.6251624e-01	2.4173534e-01	2.0780902e-02
3.3300000e+02	1.1048998e-01	2.7463067e-02	2.6250629e-01	2.4174312e-01	2.0763168e-02
3.3400000e+02	1.1052617e-01	2.7465613e-02	2.6248360e-01	2.4176797e-01	2.0715632e-02
3.3500000e+02	1.1053844e-01	2.7468130e-02	2.6247497e-01	2.4177593e-01	2.0699041e-02
3.3600000e+02	1.1056999e-01	2.7471894e-02	2.6245490e-01	2.4179744e-01	2.0657459e-02
3.3700000e+02	1.1058072e-01	2.7475296e-02	2.6244658e-01	2.4180401e-01	2.0642565e-02
3.3800000e+02	1.1061266e-01	2.7479641e-02	2.6242362e-01	2.4182447e-01	2.0599151e-02
3.3900000e+02	1.1062290e-01	2.7483890e-02	2.6241391e-01	2.4182985e-01	2.0584058e-02
3.4000000e+02	1.1065947e-01	2.7490110e-02	2.6238935e-01	2.4185414e-01	2.0535209e-02
3.4100000e+02	1.1067158e-01	2.7495346e-02	2.6238030e-01	2.4186173e-01	2.0518570e-02
3.4200000e+02	1.1071147e-01	2.7502880e-02	2.6235834e-01	2.4189064e-01	2.0467695e-02
3.4300000e+02	1.1074763e-01	2.7509992e-02	2.6234178e-01	2.4191852e-01	2.0423263e-02
3.4400000e+02	1.1075713e-01	2.7513560e-02	2.6233682e-01	2.4192553e-01	2.0411283e-02
3.4500000e+02	1.1078989e-01	2.7519806e-02	2.6232491e-01	2.4195234e-01	2.0372568e-02
3.4600000e+02	1.1082220e-01	2.7524356e-02	2.6231178e-01	2.4197809e-01	2.0333685e-02
3.4700000e+02	1.1083082e-01	2.7527093e-02	2.6230509e-01	2.4198337e-01	2.0321723e-02
3.4800000e+02	1.1086702e-01	2.7528925e-02	2.6228500e-01	2.4200953e-01	2.0275476e-02
3.4900000e+02	1.1090274e-01	2.7529920e-02	2.6226560e-01	2.4203554e-01	2.0230064e-02
3.5000000e+02	1.1091391e-01	2.7531716e-02	2.6225926e-01	2.4204354e-01	2.0215727e-02
3.5100000e+02	1.1095000e-01	2.7530794e-02	2.6224198e-01	2.4207099e-01	2.0170989e-02
3.5200000e+02	1.1098520e-01	2.7529010e-02	2.6222791e-01	2.4209915e-01	2.0128762e-02
3.5300000e+02	1.1101587e-01	2.7527420e-02	2.6221677e-01	2.4212426e-01	2.0092514e-02
3.5400000e+02	1.1104314e-01	2.7525764e-02	2.6220686e-01	2.4214657e-01	2.0060296e-02
3.5500000e+02	1.1105517e-01	2.7526023e-02	2.6220121e-01	2.4215577e-01	2.0045441e-02
3.5600000e+02	1.1109321e-01	2.7523543e-02	2.6218040e-01	2.4218341e-01	1.9996992e-02
3.5700000e+02	1.1113338e-01	2.7521205e-02	2.6215411e-01	2.4221043e-01	1.9943680e-02
3.5800000e+02	1.1116932e-01	2.7519525e-02	2.6212649e-01	2.4223257e-01	1.9893922e-02
3.5900000e+02	1.1119813e-01	2.7519910e-02	2.6210017e-01	2.4224822e-01	1.9851958e-02
3.6000000e+02	1.1122092e-01	2.7522039e-02	2.6207691e-01	2.4225937e-01	1.9817539e-02
3.6100000e+02	1.1123954e-01	2.7525239e-02	2.6205520e-01	2.4226714e-01	1.9788061e-02
3.6200000e+02	1.1125662e-01	2.7528051e-02	2.6203436e-01	2.4227379e-01	1.9760562e-02
3.6300000e+02	1.1127345e-01	2.7530357e-02	2.6201330e-01	2.4228010e-01	1.9733195e-02
3.6400000e+02	1.1129168e-01	2.7532169e-02	2.6199304e-01	2.4228820e-01	1.9704839e-02
3.6500000e+02	1.1131107e-01	2.7534090e-02	2.6197391e-01	2.4229802e-01	1.9675885e-02
3.6600000e+02	1.1133014e-01	2.7535813e-02	2.6195745e-01	2.4230887e-01	1.9648584e-02
3.6700000e+02	1.1134841e-01	2.7538243e-02	2.6194399e-01	2.4232040e-01	1.9623583e-02
3.6800000e+02	1.1136639e-01	2.7540873e-02	2.6193426e-01	2.4233352e-01	1.9600742e-02
3.6900000e+02	1.1138318e-01	2.7543982e-02	2.6192801e-01	2.4234718e-01	1.9580827e-02
3.7000000e+02	1.1139955e-01	2.7547492e-02	2.6192566e-01	2.4236238e-01	1.9563286e-02
3.7100000e+02	1.1141593e-01	2.7551424e-02	2.6192712e-01	2.4237949e-01	1.9547632e-02
3.7200000e+02	1.1143332e-01	2.7554253e-02	2.6193389e-01	2.4240027e-01	1.9533626e-02
3.7300000e+02	1.1145086e-01	2.7555462e-02	2.6194468e-01	2.4242320e-01	1.9521482e-02
3.7400000e+02	1.1146819e-01	2.7554906e-02	2.6195856e-01	2.4244747e-01	1.9511084e-02
3.7500000e+02	1.1148506e-01	2.7553159e-02	2.6197350e-01	2.4247181e-01	1.9501690e-02
3.7600000e+02	1.1150198e-01	2.7549635e-02	2.6198874e-01	2.4249635e-01	1.9492393e-02
3.7700000e+02	1.1151839e-01	2.7544412e-02	2.6200254e-01	2.4251966e-01	1.9482885e-02
3.7800000e+02	1.1153359e-01	2.7537662e-02	2.6201421e-01	2.4254070e-01	1.9473518e-02
3.7900000e+02	1.1154727e-01	2.7530585e-02	2.6202241e-01	2.4255848e-01	1.9463934e-02
3.8000000e+02	1.1155970e-01	2.7523972e-02	2.6202648e-01	2.4257294e-01	1.9453543e-02
3.8100000e+02	1.1156917e-01	2.7519122e-02	2.6202440e-01	2.4258137e-01	1.9443030e-02
3.8200000e+02	1.1157497e-01	2.7515932e-02	2.6201691e-01	2.4258342e-01	1.9433489e-02
3.8300000e+02	1.1157794e-01	2.7514671e-02	2.6200535e-01	2.4258061e-01	1.9424734e-02
3.8400000e+02	1.1157933e-01	2.7514049e-02	2.6199313e-01	2.4257589e-01	1.9417235e-02
3.8500000e+02	1.1158042e-01	2.7514016e-02	2.6198130e-01	2.4257107e-01	1.9410233e-02
3.8600000e+02	1.1158385e-01	2.7513826e-02	2.6197136e-01	2.4256953e-01	1.9401825e-02
3.8700000e+02	1.1159042e-01	2.7513873e-02	2.6196289e-01	2.4257186e-01	1.9391023e-02
3.8800000e+02	1.1160078e-01	2.7514111e-02	2.6195605e-01	2.4257881e-01	1.9377240e-02
3.8900000e+02	1.1161398e-01	2.7514959e-02	2.6194917e-01	2.4258857e-01	1.9360603e-02
3.9000000e+02	1.1162976e-01	2.7515702e-02	2.6194187e-01	2.4260070e-01	1.9341175e-02
3.9100000e+02	1.1164739e-01	2.7516097e-02	2.6193269e-01	2.4261374e-01	1.9318955e-02
3.9200000e+02	1.1166551e-01	2.7515285e-02	2.6192118e-01	2.4262610e-01	1.9295081e-02
3.9300000e+02	1.1168210e-01	2.7513528e-02	2.6190623e-01	2.4263521e-01	1.9271018e-02
3.9400000e+02	1.1169713e-01	2.7510966e-02	2.6188889e-01	2.4264157e-01	1.9247317e-02
3.9500000e+02	1.1171120e-01	2.7508894e-02	2.6186924e-01	2.4264581e-01	1.9223421e-02
3.9600000e+02	1.1172535e-01	2.7507431e-02	2.6184878e-01	2.4264973e-01	1.9199043e-02
3.9700000e+02	1.1173895e-01	2.7507106e-02	2.6182747e-01	2.4265269e-01	1.9174785e-02
3.9800000e+02	1.1175195e-01	2.7507331e-02	2.6180671e-01	2.4265530e-01	1.9151407e-02
3.9900000e+02	1.1176413e-01	2.7508425e-02	2.6178613e-01	2.4265720e-01	1.9128932e-02
4.0000000e+02	1.1177507e-01	2.7509700e-02	2.6176678e-01	2.4265846e-01	1.9108322e-02
4.0100000e+02	1.1178445e-01	2.7511540e-02	2.6174937e-01	2.4265914e-01	1.9090232e-02
4.0200000e+02	1.1179340e-01	2.7513406e-02	2.6173577e-01	2.4266128e-01	1.9074486e-02
4.0300000e+02	1.1180264e-01	2.7515823e-02	2.6172568e-01	2.4266548e-01	1.9060203e-02
4.0400000e+02	1.1181302e-01	2.7518062e-02	2.6171929e-01	2.4267266e-01	1.9046631e-02
4.0500000e+02	1.1182357e-01	2.7520188e-02	2.6171484e-01	2.4268099e-01	1.9033851e-02
4.0600000e+02	1.1183456e-01	2.7521875e-02	2.6171183e-01	2.4269048e-01	1.9021353e-02
4.0700000e+02	1.1184541e-01	2.7523777e-02	2.6170879e-01	2.4269980e-01	1.9008990e-02
4.0800000e+02	1.1185553e-01	2.7525488e-02	2.6170554e-01	2.4270831e-01	1.8997237e-02
4.0900000e+02	1.1186390e-01	2.7527113e-02	2.6170151e-01	2.4271465e-01	1.8986855e-02
4.1000000e+02	1.1187080e-01	2.7528174e-02	2.6169725e-01	2.4271942e-01	1.8977827e-02
4.1100000e+02	1.1187654e-01	2.7529487e-02	2.6169259e-01	2.4272284e-01	1.8969753e-02
4.1200000e+02	1.1188218e-01	2.7530833e-02	2.6168807e-01	2.4272621e-01	1.8961861e-02
4.1300000e+02	1.1188691e-01	2.7532351e-02	2.6168222e-01	2.4272802e-01	1.8954200e-02
4.1400000e+02	1.1189144e-01	2.7533325e-02	2.6167576e-01	2.4272932e-01	1.8946440e-02
4.1500000e+02	1.1189568e-01	2.7534159e-02	2.6166869e-01	2.4273002e-01	1.8938669e-02
4.1600000e+02	1.1189962e-01	2.7534312e-02	2.6166185e-01	2.4273054e-01	1.8931304e-02
4.1700000e+02	1.1190361e-01	2.7534336e-02	2.6165529e-01	2.4273125e-01	1.8924038e-02
4.1800000e+02	1.1190903e-01	2.7534229e-02	2.6164986e-01	2.4273396e-01	1.8915902e-02
4.1900000e+02	1.1191626e-01	2.7535000e-02	2.6164500e-01	2.4273876e-01	1.8906240e-02
4.2000000e+02	1.1192522e-01	2.7536384e-02	2.6164067e-01	2.4274556e-01	1.8895110e-02
4.2100000e+02	1.1193467e-01	2.7538657e-02	2.6163597e-01	2.4275266e-01	1.8883312e-02
4.2200000e+02	1.1194489e-01	2.7541054e-02	2.6163200e-01	2.4276089e-01	1.8871107e-02
4.2300000e+02	1.1195534e-01	2.7543498e-02	2.6162855e-01	2.4276962e-01	1.8858931e-02
4.2400000e+02	1.1196577e-01	2.7544823e-02	2.6162597e-01	2.4277875e-01	1.8847213e-02
4.2500000e+02	1.1197500e-01	2.7545039e-02	2.6162336e-01	2.4278668e-01	1.8836674e-02
4.2600000e+02	1.1198337e-01	2.7543947e-02	2.6162148e-01	2.4279411e-01	1.8827371e-02
4.2700000e+02	1.1199140e-01	2.7542547e-02	2.6162039e-01	2.4280160e-01	1.8818794e-02
4.2800000e+02	1.1199998e-01	2.7540735e-02	2.6162103e-01	2.4281049e-01	1.8810533e-02
4.2900000e+02	1.1200784e-01	2.7539019e-02	2.6162260e-01	2.4281914e-01	1.8803460e-02
4.3000000e+02	1.1201551e-01	2.7537112e-02	2.6162541e-01	2.4282822e-01	1.8797197e-02
4.3100000e+02	1.1202245e-01	2.7535421e-02	2.6162796e-01	2.4283642e-01	1.8791532e-02
4.3200000e+02	1.1202857e-01	2.7533478e-02	2.6162985e-01	2.4284350e-01	1.8786357e-02
4.3300000e+02	1.1203387e-01	2.7531923e-02	2.6163024e-01	2.4284898e-01	1.8781252e-02
4.3400000e+02	1.1203911e-01	2.7530682e-02	2.6163002e-01	2.4285412e-01	1.8775903e-02
4.3500000e+02	1.1204348e-01	2.7530800e-02	2.6162864e-01	2.4285780e-01	1.8770842e-02
4.3600000e+02	1.1204551e-01	2.7532281e-02	2.6162652e-01	2.4285877e-01	1.8767747e-02
4.3700000e+02	1.1204389e-01	2.7535373e-02	2.6162395e-01	2.4285586e-01	1.8768088e-02
4.3800000e+02	1.1204019e-01	2.7538794e-02	2.6162310e-01	2.4285174e-01	1.8771361e-02
4.3900000e+02	1.1203472e-01	2.7542061e-02	2.6162379e-01	2.4284662e-01	1.8777176e-02
4.4000000e+02	1.1202760e-01	2.7544135e-02	2.6162588e-01	2.4284054e-01	1.8785337e-02
4.4100000e+02	1.1201857e-01	2.7545398e-02	2.6162832e-01	2.4283273e-01	1.8795591e-02
4.4200000e+02	1.1200858e-01	2.7545696e-02	2.6163221e-01	2.4282469e-01	1.8807523e-02
4.4300000e+02	1.1199844e-01	2.7545733e-02	2.6163806e-01	2.4281747e-01	1.8820591e-02
4.4400000e+02	1.1198909e-01	2.7544847e-02	2.6164652e-01	2.4281235e-01	1.8834167e-02
4.4500000e+02	1.1198030e-01	2.7543118e-02	2.6165584e-01	2.4280822e-01	1.8847625e-02
4.4600000e+02	1.1197277e-01	2.7540314e-02	2.6166563e-01	2.4280558e-01	1.8860042e-02
4.4700000e+02	1.1196543e-01	2.7537113e-02	2.6167386e-01	2.4280237e-01	1.8871498e-02
4.4800000e+02	1.1195852e-01	2.7533334e-02	2.6168011e-01	2.4279858e-01	1.8881535e-02
4.4900000e+02	1.1195250e-01	2.7529753e-02	2.6168381e-01	2.4279440e-01	1.8889406e-02
4.5000000e+02	1.1194829e-01	2.7526391e-02	2.6168613e-01	2.4279136e-01	1.8894774e-02
4.5100000e+02	1.1194514e-01	2.7523888e-02	2.6168710e-01	2.4278869e-01	1.8898408e-02
4.5200000e+02	1.1194248e-01	2.7521726e-02	2.6168731e-01	2.4278614e-01	1.8901170e-02
4.5300000e+02	1.1193932e-01	2.7520299e-02	2.6168658e-01	2.4278261e-01	1.8903965e-02
4.5400000e+02	1.1193615e-01	2.7519138e-02	2.6168607e-01	2.4277918e-01	1.8906889e-02
4.5500000e+02	1.1193224e-01	2.7518548e-02	2.6168549e-01	2.4277499e-01	1.8910499e-02
4.5600000e+02	1.1192720e-01	2.7517688e-02	2.6168496e-01	2.4276968e-01	1.8915283e-02
4.5700000e+02	1.1192079e-01	2.7516854e-02	2.6168390e-01	2.4276274e-01	1.8921154e-02
4.5800000e+02	1.1191418e-01	2.7515824e-02	2.6168334e-01	2.4275585e-01	1.8927490e-02
4.5900000e+02	1.1190786e-01	2.7515246e-02	2.6168325e-01	2.4274948e-01	1.8933762e-02
4.6000000e+02	1.1190241e-01	2.7514620e-02	2.6168400e-01	2.4274441e-01	1.8939585e-02
4.6100000e+02	1.1189750e-01	2.7514305e-02	2.6168470e-01	2.4273985e-01	1.8944848e-02
4.6200000e+02	1.1189350e-01	2.7513925e-02	2.6168584e-01	2.4273642e-01	1.8949421e-02
4.6300000e+02	1.1188911e-01	2.7513767e-02	2.6168594e-01	2.4273208e-01	1.8953862e-02
4.6400000e+02	1.1188480e-01	2.7513269e-02	2.6168537e-01	2.4272748e-01	1.8957887e-02
4.6500000e+02	1.1188079e-01	2.7512971e-02	2.6168397e-01	2.4272277e-01	1.8961195e-02
4.6600000e+02	1.1187780e-01	2.7512578e-02	2.6168286e-01	2.4271923e-01	1.8963625e-02
4.6700000e+02	1.1187489e-01	2.7512538e-02	2.6168171e-01	2.4271575e-01	1.8965958e-02
4.6800000e+02	1.1187148e-01	2.7512416e-02	2.6168093e-01	2.4271194e-01	1.8968983e-02
4.6900000e+02	1.1186658e-01	2.7512736e-02	2.6168028e-01	2.4270672e-01	1.8973555e-02
4.7000000e+02	1.1186052e-01	2.7513138e-02	2.6168058e-01	2.4270081e-01	1.8979769e-02
4.7100000e+02	1.1185258e-01	2.7513896e-02	2.6168121e-01	2.4269318e-01	1.8988027e-02
4.7200000e+02	1.1184289e-01	2.7514155e-02	2.6168230e-01	2.4268405e-01	1.8998259e-02
4.7300000e+02	1.1183156e-01	2.7514280e-02	2.6168331e-01	2.4267322e-01	1.9010094e-02
4.7400000e+02	1.1181980e-01	2.7514185e-02	2.6168552e-01	2.4266256e-01	1.9022963e-02
4.7500000e+02	1.1180787e-01	2.7514477e-02	2.6168936e-01	2.4265255e-01	1.9036811e-02
4.7600000e+02	1.1179604e-01	2.7514639e-02	2.6169564e-01	2.4264386e-01	1.9051781e-02
4.7700000e+02	1.1178413e-01	2.7515117e-02	2.6170339e-01	2.4263583e-01	1.9067560e-02
4.7800000e+02	1.1177237e-01	2.7515593e-02	2.6171264e-01	2.4262869e-01	1.9083948e-02
4.7900000e+02	1.1175978e-01	2.7516345e-02	2.6172171e-01	2.4262063e-01	1.9101077e-02
4.8000000e+02	1.1174724e-01	2.7516877e-02	2.6173043e-01	2.4261245e-01	1.9117978e-02
4.8100000e+02	1.1173552e-01	2.7517625e-02	2.6173810e-01	2.4260456e-01	1.9133532e-02
4.8200000e+02	1.1172531e-01	2.7518595e-02	2.6174584e-01	2.4259822e-01	1.9147612e-02
4.8300000e+02	1.1171531e-01	2.7520356e-02	2.6175337e-01	2.4259200e-01	1.9161373e-02
4.8400000e+02	1.1170517e-01	2.7522075e-02	2.6176139e-01	2.4258587e-01	1.9175524e-02
4.8500000e+02	1.1169465e-01	2.7523911e-02	2.6176980e-01	2.4257955e-01	1.9190254e-02
4.8600000e+02	1.1168415e-01	2.7525192e-02	2.6177902e-01	2.4257366e-01	1.9205358e-02
4.8700000e+02	1.1167261e-01	2.7526152e-02	2.6178797e-01	2.4256660e-01	1.9221375e-02
4.8800000e+02	1.1166011e-01	2.7526353e-02	2.6179674e-01	2.4255848e-01	1.9238261e-02
4.8900000e+02	1.1164648e-01	2.7526438e-02	2.6180522e-01	2.4254909e-01	1.9256126e-02
4.9000000e+02	1.1163316e-01	2.7526197e-02	2.6181524e-01	2.4254078e-01	1.9274466e-02
4.9100000e+02	1.1162034e-01	2.7525809e-02	2.6182666e-01	2.4253367e-01	1.9292994e-02
4.9200000e+02	1.1160823e-01	2.7524502e-02	2.6183861e-01	2.4252753e-01	1.9311072e-02
4.9300000e+02	1.1159656e-01	2.7522911e-02	2.6184950e-01	2.4252131e-01	1.9328187e-02
4.9400000e+02	1.1158489e-01	2.7521038e-02	2.6185956e-01	2.4251467e-01	1.9344888e-02
4.9500000e+02	1.1157206e-01	2.7519455e-02	2.6186787e-01	2.4250599e-01	1.9361876e-02
4.9600000e+02	1.1155904e-01	2.7517796e-02	2.6187510e-01	2.4249659e-01	1.9378507e-02
4.9700000e+02	1.1154681e-01	2.7516723e-02	2.6188123e-01	2.4248743e-01	1.9393804e-02
4.9800000e+02	1.1153627e-01	2.7515949e-02	2.6188727e-01	2.4247991e-01	1.9407360e-02
4.9900000e+02	1.1152617e-01	2.7515935e-02	2.6189272e-01	2.4247252e-01	1.9420193e-02
5.0000000e+02	1.1151633e-01	2.7516171e-02	2.6189840e-01	2.4246553e-01	1.9432870e-02
5.0100000e+02	1.1150646e-01	2.7516813e-02	2.6190408e-01	2.4245850e-01	1.9445583e-02
5.0200000e+02	1.1149646e-01	2.7517110e-02	2.6191029e-01	2.4245161e-01	1.9458685e-02
5.0300000e+02	1.1148473e-01	2.7517201e-02	2.6191585e-01	2.4244266e-01	1.9473198e-02
5.0400000e+02	1.1147182e-01	2.7516379e-02	2.6192055e-01	2.4243210e-01	1.9488458e-02
5.0500000e+02	1.1145809e-01	2.7515278e-02	2.6192393e-01	2.4242005e-01	1.9503877e-02
5.0600000e+02	1.1144501e-01	2.7513943e-02	2.6192716e-01	2.4240859e-01	1.9518572e-02
5.0700000e+02	1.1143261e-01	2.7513058e-02	2.6192986e-01	2.4239755e-01	1.9532315e-02
5.0800000e+02	1.1142126e-01	2.7511972e-02	2.6193253e-01	2.4238753e-01	1.9545001e-02
5.0900000e+02	1.1141115e-01	2.7511079e-02	2.6193519e-01	2.4237874e-01	1.9556448e-02
5.1000000e+02	1.1140230e-01	2.7509885e-02	2.6193737e-01	2.4237098e-01	1.9566389e-02
5.1100000e+02	1.1139417e-01	2.7508922e-02	2.6193759e-01	2.4236296e-01	1.9574627e-02
5.1200000e+02	1.1138774e-01	2.7508057e-02	2.6193597e-01	2.4235573e-01	1.9580241e-02
5.1300000e+02	1.1138311e-01	2.7508096e-02	2.6193240e-01	2.4234930e-01	1.9583092e-02
5.1400000e+02	1.1138025e-01	2.7508806e-02	2.6192834e-01	2.4234442e-01	1.9583919e-02
5.1500000e+02	1.1137766e-01	2.7510361e-02	2.6192440e-01	2.4233986e-01	1.9584539e-02
5.1600000e+02	1.1137553e-01	2.7511749e-02	2.6192301e-01	2.4233703e-01	1.9585976e-02
5.1700000e+02	1.1137353e-01	2.7513121e-02	2.6192501e-01	2.4233603e-01	1.9588971e-02
5.1800000e+02	1.1137136e-01	2.7513930e-02	2.6193094e-01	2.4233683e-01	1.9594107e-02
5.1900000e+02	1.1136785e-01	2.7514358e-02	2.6193900e-01	2.4233735e-01	1.9601650e-02
5.2000000e+02	1.1136363e-01	2.7513734e-02	2.6194822e-01	2.4233774e-01	1.9610483e-02
5.2100000e+02	1.1135909e-01	2.7512673e-02	2.6195691e-01	2.4233755e-01	1.9619362e-02
5.2200000e+02	1.1135558e-01	2.7511018e-02	2.6196517e-01	2.4233817e-01	1.9627004e-02
5.2300000e+02	1.1135252e-01	2.7509102e-02	2.6197238e-01	2.4233871e-01	1.9633669e-02
5.2400000e+02	1.1134956e-01	2.7507095e-02	2.6197937e-01	2.4233924e-01	1.9640127e-02
5.2500000e+02	1.1134576e-01	2.7506288e-02	2.6198596e-01	2.4233874e-01	1.9647217e-02
5.2600000e+02	1.1134048e-01	2.7506114e-02	2.6199245e-01	2.4233670e-01	1.9655747e-02
5.2700000e+02	1.1133441e-01	2.7506189e-02	2.6199879e-01	2.4233380e-01	1.9664988e-02
5.2800000e+02	1.1132942e-01	2.7506049e-02	2.6200601e-01	2.4233243e-01	1.9673578e-02
5.2900000e+02	1.1132587e-01	2.7506480e-02	2.6201417e-01	2.4233295e-01	1.9681217e-02
5.3000000e+02	1.1132375e-01	2.7507196e-02	2.6202371e-01	2.4233560e-01	1.9688111e-02
5.3100000e+02	1.1132200e-01	2.7508150e-02	2.6203379e-01	2.4233889e-01	1.9694894e-02
5.3200000e+02	1.1132064e-01	2.7508454e-02	2.6204507e-01	2.4234317e-01	1.9701892e-02
5.3300000e+02	1.1131923e-01	2.7508346e-02	2.6205709e-01	2.4234778e-01	1.9709313e-02
5.3400000e+02	1.1131730e-01	2.7507548e-02	2.6206960e-01	2.4235210e-01	1.9717495e-02
5.3500000e+02	1.1131379e-01	2.7506256e-02	2.6208070e-01	2.4235414e-01	1.9726561e-02
5.3600000e+02	1.1130898e-01	2.7504463e-02	2.6208905e-01	2.4235350e-01	1.9735546e-02
5.3700000e+02	1.1130322e-01	2.7503202e-02	2.6209240e-01	2.4234942e-01	1.9742980e-02
5.3800000e+02	1.1129793e-01	2.7502167e-02	2.6209107e-01	2.4234346e-01	1.9747607e-02
5.3900000e+02	1.1129320e-01	2.7501837e-02	2.6208647e-01	2.4233644e-01	1.9750036e-02
5.4000000e+02	1.1128985e-01	2.7501499e-02	2.6208242e-01	2.4233106e-01	1.9751358e-02
5.4100000e+02	1.1128659e-01	2.7501628e-02	2.6207948e-01	2.4232633e-01	1.9753148e-02
5.4200000e+02	1.1128279e-01	2.7501679e-02	2.6207778e-01	2.4232169e-01	1.9756096e-02
5.4300000e+02	1.1127845e-01	2.7502179e-02	2.6207638e-01	2.4231665e-01	1.9759737e-02
5.4400000e+02	1.1127483e-01	2.7502616e-02	2.6207584e-01	2.4231275e-01	1.9763094e-02
5.4500000e+02	1.1127247e-01	2.7503577e-02	2.6207579e-01	2.4231037e-01	1.9765422e-02
5.4600000e+02	1.1127166e-01	2.7504395e-02	2.6207647e-01	2.4230989e-01	1.9766576e-02
5.4700000e+02	1.1127166e-01	2.7505208e-02	2.6207709e-01	2.4231020e-01	1.9766886e-02
5.4800000e+02	1.1127288e-01	2.7505370e-02	2.6207767e-01	2.4231172e-01	1.9765952e-02
5.4900000e+02	1.1127454e-01	2.7505340e-02	2.6207711e-01	2.4231310e-01	1.9764012e-02
5.5000000e+02	1.1127573e-01	2.7504471e-02	2.6207530e-01	2.4231338e-01	1.9761917e-02
5.5100000e+02	1.1127543e-01	2.7503223e-02	2.6207139e-01	2.4231113e-01	1.9760265e-02
5.5200000e+02	1.1127436e-01	2.7501467e-02	2.6206643e-01	2.4230757e-01	1.9758851e-02
5.5300000e+02	1.1127281e-01	2.7500096e-02	2.6206112e-01	2.4230337e-01	1.9757748e-02
5.5400000e+02	1.1127162e-01	2.7498783e-02	2.6205674e-01	2.4229999e-01	1.9756748e-02
5.5500000e+02	1.1126981e-01	2.7497834e-02	2.6205235e-01	2.4229599e-01	1.9756365e-02
5.5600000e+02	1.1126768e-01	2.7496795e-02	2.6204846e-01	2.4229191e-01	1.9756552e-02
5.5700000e+02	1.1126458e-01	2.7496093e-02	2.6204407e-01	2.4228661e-01	1.9757458e-02
5.5800000e+02	1.1126101e-01	2.7495237e-02	2.6203955e-01	2.4228079e-01	1.9758762e-02
5.5900000e+02	1.1125759e-01	2.7494668e-02	2.6203506e-01	2.4227512e-01	1.9759945e-02
5.6000000e+02	1.1125571e-01	2.7494125e-02	2.6203151e-01	2.4227146e-01	1.9760048e-02
5.6100000e+02	1.1125556e-01	2.7494146e-02	2.6202868e-01	2.4226990e-01	1.9758784e-02
5.6200000e+02	1.1125659e-01	2.7494114e-02	2.6202733e-01	2.4227025e-01	1.9757077e-02
5.6300000e+02	1.1125731e-01	2.7494620e-02	2.6202634e-01	2.4227048e-01	1.9755863e-02
5.6400000e+02	1.1125825e-01	2.7495350e-02	2.6202588e-01	2.4227120e-01	1.9754687e-02
5.6500000e+02	1.1125856e-01	2.7496709e-02	2.6202492e-01	2.4227102e-01	1.9753895e-02
5.6600000e+02	1.1125758e-01	2.7498072e-02	2.6202332e-01	2.4226923e-01	1.9754083e-02
5.6700000e+02	1.1125454e-01	2.7499739e-02	2.6201988e-01	2.4226448e-01	1.9755400e-02
5.6800000e+02	1.1125047e-01	2.7501016e-02	2.6201614e-01	2.4225854e-01	1.9757598e-02
5.6900000e+02	1.1124647e-01	2.7502310e-02	2.6201295e-01	2.4225295e-01	1.9760003e-02
5.7000000e+02	1.1124359e-01	2.7503065e-02	2.6201149e-01	2.4224933e-01	1.9762153e-02
5.7100000e+02	1.1124062e-01	2.7503589e-02	2.6201115e-01	2.4224619e-01	1.9764955e-02
5.7200000e+02	1.1123818e-01	2.7503623e-02	2.6201272e-01	2.4224454e-01	1.9768177e-02
5.7300000e+02	1.1123573e-01	2.7503618e-02	2.6201549e-01	2.4224347e-01	1.9772015e-02
5.7400000e+02	1.1123356e-01	2.7503156e-02	2.6202009e-01	2.4224361e-01	1.9776484e-02
5.7500000e+02	1.1123239e-01	2.7502792e-02	2.6202603e-01	2.4224540e-01	1.9780629e-02
5.7600000e+02	1.1123350e-01	2.7502490e-02	2.6203359e-01	2.4225030e-01	1.9783290e-02
5.7700000e+02	1.1123593e-01	2.7502946e-02	2.6204133e-01	2.4225659e-01	1.9784738e-02
5.7800000e+02	1.1123882e-01	2.7503790e-02	2.6204830e-01	2.4226297e-01	1.9785335e-02
5.7900000e+02	1.1124124e-01	2.7505157e-02	2.6205343e-01	2.4226795e-01	1.9785476e-02
5.8000000e+02	1.1124367e-01	2.7505925e-02	2.6205777e-01	2.4227256e-01	1.9785212e-02
5.8100000e+02	1.1124515e-01	2.7506482e-02	2.6206141e-01	2.4227585e-01	1.9785559e-02
5.8200000e+02	1.1124473e-01	2.7506399e-02	2.6206522e-01	2.4227735e-01	1.9787878e-02
5.8300000e+02	1.1124156e-01	2.7506358e-02	2.6206941e-01	2.4227627e-01	1.9793148e-02
5.8400000e+02	1.1123725e-01	2.7506296e-02	2.6207512e-01	2.4227481e-01	1.9800308e-02
5.8500000e+02	1.1123326e-01	2.7506670e-02	2.6208227e-01	2.4227439e-01	1.9807876e-02
5.8600000e+02	1.1123033e-01	2.7506583e-02	2.6209141e-01	2.4227604e-01	1.9815375e-02
5.8700000e+02	1.1122788e-01	2.7506340e-02	2.6210111e-01	2.4227843e-01	1.9822676e-02
5.8800000e+02	1.1122615e-01	2.7505906e-02	2.6211055e-01	2.4228143e-01	1.9829119e-02
5.8900000e+02	1.1122353e-01	2.7505593e-02	2.6211755e-01	2.4228230e-01	1.9835251e-02
5.9000000e+02	1.1122073e-01	2.7504607e-02	2.6212151e-01	2.4228149e-01	1.9840028e-02
5.9100000e+02	1.1121854e-01	2.7503697e-02	2.6212179e-01	2.4227944e-01	1.9842351e-02
5.9200000e+02	1.1121805e-01	2.7502829e-02	2.6212068e-01	2.4227839e-01	1.9842287e-02
5.9300000e+02	1.1121827e-01	2.7502657e-02	2.6211906e-01	2.4227780e-01	1.9841266e-02
5.9400000e+02	1.1121881e-01	2.7502815e-02	2.6211827e-01	2.4227795e-01	1.9840329e-02
5.9500000e+02	1.1121840e-01	2.7503536e-02	2.6211776e-01	2.4227728e-01	1.9840475e-02
5.9600000e+02	1.1121753e-01	2.7504127e-02	2.6211759e-01	2.4227633e-01	1.9841260e-02
5.9700000e+02	1.1121564e-01	2.7504584e-02	2.6211679e-01	2.4227404e-01	1.9842753e-02
5.9800000e+02	1.1121232e-01	2.7504133e-02	2.6211545e-01	2.4227005e-01	1.9845401e-02
5.9900000e+02	1.1120758e-01	2.7503481e-02	2.6211312e-01	2.4226414e-01	1.9848982e-02
6.0000000e+02	1.1120308e-01	2.7502710e-02	2.6211100e-01	2.4225858e-01	1.9852416e-02
