# Force coefficients
# liftDir     : (0.0000000e+00 0.0000000e+00 1.0000000e+00)
# dragDir     : (1.0000000e+00 0.0000000e+00 0.0000000e+00)
# pitchAxis   : (0.0000000e+00 1.0000000e+00 0.0000000e+00)
# magUInf     : 4.4700000e+01
# lRef        : 2.9250000e-01
# Aref        : 5.3500000e-01
# CofR        : (0.0000000e+00 0.0000000e+00 0.0000000e+00)
# Time        	Cm            	Cd            	Cl            	Cl(f)         	Cl(r)         	Cm	Cd	Cl	Cl(f)	Cl(r)
1.0000000e+00	4.6637360e-02	8.2101677e-02	8.8249630e-02	9.0762175e-02	-2.5125448e-03
2.0000000e+00	8.6615535e-02	1.0126011e-01	2.1241080e-01	1.9282094e-01	1.9589866e-02
3.0000000e+00	1.0876168e-01	9.9457033e-02	2.7005235e-01	2.4378785e-01	2.6264495e-02
4.0000000e+00	1.0629671e-01	6.5474562e-02	2.3882953e-01	2.2571147e-01	1.3118055e-02
5.0000000e+00	8.3877999e-02	1.6570166e-02	1.6099492e-01	1.6437546e-01	-3.3805392e-03
6.0000000e+00	5.1637981e-02	-1.2515059e-02	1.1091263e-01	1.0709430e-01	3.8183335e-03
7.0000000e+00	2.9964864e-02	-4.1527923e-03	1.2981310e-01	9.4871412e-02	3.4941684e-02
8.0000000e+00	2.2153095e-02	2.7632695e-02	1.9906794e-01	1.2168706e-01	7.7380875e-02
9.0000000e+00	3.1777954e-02	6.0795619e-02	2.8442289e-01	1.7398940e-01	1.1043349e-01
1.0000000e+01	5.1338562e-02	7.1392130e-02	3.3024932e-01	2.1646322e-01	1.1378610e-01
1.1000000e+01	6.7401193e-02	5.8991779e-02	3.2675900e-01	2.3078070e-01	9.5978309e-02
1.2000000e+01	7.4365312e-02	3.5062713e-02	2.9062242e-01	2.1967652e-01	7.0945899e-02
1.3000000e+01	6.8626283e-02	1.5599217e-02	2.5037699e-01	1.9381478e-01	5.6562211e-02
1.4000000e+01	5.6416899e-02	1.1057597e-02	2.3372081e-01	1.7327730e-01	6.0443504e-02
1.5000000e+01	4.5598212e-02	1.9364433e-02	2.4390097e-01	1.6754870e-01	7.6352273e-02
1.6000000e+01	4.2249031e-02	3.4107965e-02	2.7510367e-01	1.7980086e-01	9.5302803e-02
1.7000000e+01	4.8495822e-02	4.5720268e-02	3.0836475e-01	2.0267820e-01	1.0568655e-01
1.8000000e+01	5.9925641e-02	4.8783039e-02	3.2750784e-01	2.2367956e-01	1.0382828e-01
1.9000000e+01	7.1284096e-02	4.4152326e-02	3.2954843e-01	2.3605831e-01	9.3490117e-02
2.0000000e+01	7.8465014e-02	3.5540188e-02	3.1781561e-01	2.3737282e-01	8.0442790e-02
2.1000000e+01	7.9652984e-02	2.6484683e-02	2.9659520e-01	2.2795058e-01	6.8644615e-02
2.2000000e+01	7.6229508e-02	2.5447206e-02	2.9086634e-01	2.2166268e-01	6.9203663e-02
2.3000000e+01	7.2029975e-02	2.9005586e-02	2.9448403e-01	2.1927199e-01	7.5212041e-02
2.4000000e+01	7.0554846e-02	3.4613792e-02	3.0569493e-01	2.2340231e-01	8.2292619e-02
2.5000000e+01	7.3322048e-02	3.8884124e-02	3.1828389e-01	2.3246399e-01	8.5819897e-02
2.6000000e+01	7.8906333e-02	4.0114019e-02	3.2688135e-01	2.4234701e-01	8.4534344e-02
2.7000000e+01	8.5099193e-02	3.8536422e-02	3.2985737e-01	2.5002788e-01	7.9829492e-02
2.8000000e+01	8.9713090e-02	3.5426109e-02	3.2757673e-01	2.5350146e-01	7.4075277e-02
2.9000000e+01	9.1522842e-02	3.2554211e-02	3.2258624e-01	2.5281596e-01	6.9770276e-02
3.0000000e+01	9.0933003e-02	3.1224256e-02	3.1838988e-01	2.5012794e-01	6.8261936e-02
3.1000000e+01	8.9411049e-02	3.1631289e-02	3.1718087e-01	2.4800148e-01	6.9179384e-02
3.2000000e+01	8.8369567e-02	3.3168193e-02	3.1938555e-01	2.4806234e-01	7.1323207e-02
3.3000000e+01	8.8722580e-02	3.4915838e-02	3.2419949e-01	2.5082232e-01	7.3377165e-02
3.4000000e+01	9.0625733e-02	3.5973203e-02	3.2963776e-01	2.5544461e-01	7.4193147e-02
3.5000000e+01	9.3367545e-02	3.5943530e-02	3.3359360e-01	2.6016434e-01	7.3429253e-02
3.6000000e+01	9.6008181e-02	3.5055892e-02	3.3516032e-01	2.6358834e-01	7.1571981e-02
3.7000000e+01	9.7845240e-02	3.3842789e-02	3.3452258e-01	2.6510653e-01	6.9416051e-02
3.8000000e+01	9.8554696e-02	3.2877922e-02	3.3266992e-01	2.6488965e-01	6.7780263e-02
3.9000000e+01	9.8369937e-02	3.2509551e-02	3.3101641e-01	2.6387814e-01	6.7138267e-02
4.0000000e+01	9.7863836e-02	3.2724932e-02	3.3058586e-01	2.6315677e-01	6.7429096e-02
4.1000000e+01	9.7588967e-02	3.3288054e-02	3.3176074e-01	2.6346934e-01	6.8291405e-02
4.2000000e+01	9.7917785e-02	3.3866975e-02	3.3424448e-01	2.6504002e-01	6.9204455e-02
4.3000000e+01	9.8861880e-02	3.4172965e-02	3.3710665e-01	2.6741520e-01	6.9691444e-02
4.4000000e+01	1.0013592e-01	3.4117255e-02	3.3945015e-01	2.6986099e-01	6.9589156e-02
4.5000000e+01	1.0139544e-01	3.3780087e-02	3.4079578e-01	2.7179333e-01	6.9002453e-02
4.6000000e+01	1.0233145e-01	3.3324302e-02	3.4105521e-01	2.7285906e-01	6.8196152e-02
4.7000000e+01	1.0276732e-01	3.2934926e-02	3.4057076e-01	2.7305271e-01	6.7518057e-02
4.8000000e+01	1.0277070e-01	3.2735132e-02	3.3998284e-01	2.7276212e-01	6.7220716e-02
4.9000000e+01	1.0257381e-01	3.2742150e-02	3.3986396e-01	2.7250579e-01	6.7358170e-02
5.0000000e+01	1.0244202e-01	3.2895514e-02	3.4052196e-01	2.7270300e-01	6.7818962e-02
5.1000000e+01	1.0257859e-01	3.3086539e-02	3.4190121e-01	2.7352919e-01	6.8372018e-02
5.2000000e+01	1.0303741e-01	3.3208592e-02	3.4362973e-01	2.7485228e-01	6.8777449e-02
5.3000000e+01	1.0371847e-01	3.3206776e-02	3.4524115e-01	2.7633905e-01	6.8902105e-02
5.4000000e+01	1.0445072e-01	3.3088236e-02	3.4640797e-01	2.7765470e-01	6.8753268e-02
5.5000000e+01	1.0505668e-01	3.2901909e-02	3.4700210e-01	2.7855773e-01	6.8444369e-02
5.6000000e+01	1.0543103e-01	3.2716582e-02	3.4714302e-01	2.7900254e-01	6.8140486e-02
5.7000000e+01	1.0558988e-01	3.2583526e-02	3.4711387e-01	2.7914681e-01	6.7967053e-02
5.8000000e+01	1.0562809e-01	3.2527483e-02	3.4720990e-01	2.7923304e-01	6.7976858e-02
5.9000000e+01	1.0567841e-01	3.2546148e-02	3.4764877e-01	2.7950279e-01	6.8145980e-02
6.0000000e+01	1.0585156e-01	3.2603050e-02	3.4844827e-01	2.8007569e-01	6.8372581e-02
6.1000000e+01	1.0617492e-01	3.2650267e-02	3.4943768e-01	2.8089376e-01	6.8543915e-02
6.2000000e+01	1.0660900e-01	3.2660261e-02	3.5042422e-01	2.8182111e-01	6.8603114e-02
6.3000000e+01	1.0708154e-01	3.2624584e-02	3.5125756e-01	2.8271032e-01	6.8547244e-02
6.4000000e+01	1.0751261e-01	3.2550700e-02	3.5185238e-01	2.8343880e-01	6.8413583e-02
6.5000000e+01	1.0784631e-01	3.2458661e-02	3.5221617e-01	2.8395440e-01	6.8261774e-02
6.6000000e+01	1.0807627e-01	3.2372557e-02	3.5244189e-01	2.8429722e-01	6.8144674e-02
6.7000000e+01	1.0823703e-01	3.2311478e-02	3.5265445e-01	2.8456425e-01	6.8090201e-02
6.8000000e+01	1.0838376e-01	3.2283256e-02	3.5296000e-01	2.8486376e-01	6.8096234e-02
6.9000000e+01	1.0856702e-01	3.2281379e-02	3.5340191e-01	2.8526797e-01	6.8133934e-02
7.0000000e+01	1.0880918e-01	3.2289385e-02	3.5394932e-01	2.8578384e-01	6.8165483e-02
7.1000000e+01	1.0910158e-01	3.2291592e-02	3.5453267e-01	2.8636791e-01	6.8164755e-02
7.2000000e+01	1.0941523e-01	3.2278122e-02	3.5507899e-01	2.8695473e-01	6.8124261e-02
7.3000000e+01	1.0971385e-01	3.2246537e-02	3.5553345e-01	2.8748058e-01	6.8052870e-02
7.4000000e+01	1.0996984e-01	3.2201258e-02	3.5587813e-01	2.8790890e-01	6.7969227e-02
7.5000000e+01	1.1017623e-01	3.2151704e-02	3.5613709e-01	2.8824477e-01	6.7892321e-02
7.6000000e+01	1.1034616e-01	3.2107273e-02	3.5635827e-01	2.8852530e-01	6.7832972e-02
7.7000000e+01	1.1050268e-01	3.2074264e-02	3.5658929e-01	2.8879733e-01	6.7791966e-02
7.8000000e+01	1.1066678e-01	3.2053856e-02	3.5685834e-01	2.8909595e-01	6.7762385e-02
7.9000000e+01	1.1084823e-01	3.2042759e-02	3.5716596e-01	2.8943121e-01	6.7734749e-02
8.0000000e+01	1.1104584e-01	3.2035577e-02	3.5749504e-01	2.8979336e-01	6.7701681e-02
8.1000000e+01	1.1125113e-01	3.2027559e-02	3.5782339e-01	2.9016283e-01	6.7660558e-02
8.2000000e+01	1.1145187e-01	3.2014759e-02	3.5812895e-01	2.9051635e-01	6.7612600e-02
8.3000000e+01	1.1163612e-01	3.1995262e-02	3.5839480e-01	2.9083352e-01	6.7561284e-02
8.4000000e+01	1.1179827e-01	3.1969889e-02	3.5861736e-01	2.9110695e-01	6.7510408e-02
8.5000000e+01	1.1194163e-01	3.1941855e-02	3.5880711e-01	2.9134519e-01	6.7461921e-02
8.6000000e+01	1.1207576e-01	3.1914502e-02	3.5898137e-01	2.9156645e-01	6.7414919e-02
8.7000000e+01	1.1220998e-01	3.1890749e-02	3.5915554e-01	2.9178775e-01	6.7367784e-02
8.8000000e+01	1.1234966e-01	3.1871630e-02	3.5933816e-01	2.9201873e-01	6.7319423e-02
8.9000000e+01	1.1249426e-01	3.1856768e-02	3.5952950e-01	2.9225901e-01	6.7270489e-02
9.0000000e+01	1.1263976e-01	3.1844359e-02	3.5972449e-01	2.9250201e-01	6.7222485e-02
9.1000000e+01	1.1278085e-01	3.1832428e-02	3.5991553e-01	2.9273861e-01	6.7176917e-02
9.2000000e+01	1.1291350e-01	3.1819107e-02	3.6009499e-01	2.9296099e-01	6.7133997e-02
9.3000000e+01	1.1303592e-01	3.1803382e-02	3.6025674e-01	2.9316429e-01	6.7092449e-02
9.4000000e+01	1.1315041e-01	3.1784986e-02	3.6039954e-01	2.9335018e-01	6.7049359e-02
9.5000000e+01	1.1326110e-01	3.1765266e-02	3.6052636e-01	2.9352427e-01	6.7002082e-02
9.6000000e+01	1.1337184e-01	3.1745979e-02	3.6064252e-01	2.9369310e-01	6.6949424e-02
9.7000000e+01	1.1348414e-01	3.1729085e-02	3.6075370e-01	2.9386099e-01	6.6892713e-02
9.8000000e+01	1.1359757e-01	3.1715181e-02	3.6086428e-01	2.9402970e-01	6.6834572e-02
9.9000000e+01	1.1370944e-01	3.1704178e-02	3.6097583e-01	2.9419735e-01	6.6778476e-02
1.0000000e+02	1.1381662e-01	3.1695089e-02	3.6108702e-01	2.9436013e-01	6.6726890e-02
1.0100000e+02	1.1391788e-01	3.1686765e-02	3.6119549e-01	2.9451563e-01	6.6679863e-02
1.0200000e+02	1.1401419e-01	3.1678185e-02	3.6129859e-01	2.9466348e-01	6.6635108e-02
1.0300000e+02	1.1410762e-01	3.1669120e-02	3.6139395e-01	2.9480460e-01	6.6589351e-02
1.0400000e+02	1.1420109e-01	3.1659484e-02	3.6148076e-01	2.9494148e-01	6.6539288e-02
1.0500000e+02	1.1429626e-01	3.1649607e-02	3.6155948e-01	2.9507600e-01	6.6483484e-02
1.0600000e+02	1.1439299e-01	3.1639763e-02	3.6163165e-01	2.9520882e-01	6.6422832e-02
1.0700000e+02	1.1448959e-01	3.1630520e-02	3.6169949e-01	2.9533933e-01	6.6360153e-02
1.0800000e+02	1.1458392e-01	3.1622205e-02	3.6176520e-01	2.9546652e-01	6.6298675e-02
1.0900000e+02	1.1467433e-01	3.1614961e-02	3.6183007e-01	2.9558936e-01	6.6240708e-02
1.1000000e+02	1.1476105e-01	3.1608138e-02	3.6189437e-01	2.9570823e-01	6.6186133e-02
1.1100000e+02	1.1484538e-01	3.1601230e-02	3.6195705e-01	2.9582390e-01	6.6133144e-02
1.1200000e+02	1.1492917e-01	3.1593673e-02	3.6201663e-01	2.9593749e-01	6.6079149e-02
1.1300000e+02	1.1501360e-01	3.1585387e-02	3.6207159e-01	2.9604940e-01	6.6022189e-02
1.1400000e+02	1.1509912e-01	3.1576381e-02	3.6212097e-01	2.9615960e-01	6.5961369e-02
1.1500000e+02	1.1518504e-01	3.1567056e-02	3.6216502e-01	2.9626755e-01	6.5897464e-02
1.1600000e+02	1.1527058e-01	3.1557710e-02	3.6220499e-01	2.9637308e-01	6.5831916e-02
1.1700000e+02	1.1535467e-01	3.1548805e-02	3.6224250e-01	2.9647592e-01	6.5766583e-02
1.1800000e+02	1.1543664e-01	3.1540320e-02	3.6227885e-01	2.9657607e-01	6.5702782e-02
1.1900000e+02	1.1551607e-01	3.1532242e-02	3.6231447e-01	2.9667331e-01	6.5641167e-02
1.2000000e+02	1.1559361e-01	3.1524357e-02	3.6234980e-01	2.9676851e-01	6.5581288e-02
1.2100000e+02	1.1567017e-01	3.1516724e-02	3.6238473e-01	2.9686253e-01	6.5522191e-02
1.2200000e+02	1.1574638e-01	3.1509104e-02	3.6241830e-01	2.9695553e-01	6.5462769e-02
1.2300000e+02	1.1582261e-01	3.1501545e-02	3.6244971e-01	2.9704746e-01	6.5402244e-02
1.2400000e+02	1.1589892e-01	3.1494016e-02	3.6247861e-01	2.9713822e-01	6.5340384e-02
1.2500000e+02	1.1597491e-01	3.1486763e-02	3.6250531e-01	2.9722757e-01	6.5277743e-02
1.2600000e+02	1.1605006e-01	3.1479831e-02	3.6253044e-01	2.9731528e-01	6.5215162e-02
1.2700000e+02	1.1612389e-01	3.1473638e-02	3.6255483e-01	2.9740130e-01	6.5153525e-02
1.2800000e+02	1.1619590e-01	3.1468125e-02	3.6257880e-01	2.9748530e-01	6.5093504e-02
1.2900000e+02	1.1626602e-01	3.1463288e-02	3.6260288e-01	2.9756746e-01	6.5035420e-02
1.3000000e+02	1.1633490e-01	3.1458763e-02	3.6262739e-01	2.9764859e-01	6.4978794e-02
1.3100000e+02	1.1640310e-01	3.1454233e-02	3.6265212e-01	2.9772916e-01	6.4922953e-02
1.3200000e+02	1.1647106e-01	3.1449539e-02	3.6267671e-01	2.9780941e-01	6.4867301e-02
1.3300000e+02	1.1653896e-01	3.1444871e-02	3.6270078e-01	2.9788935e-01	6.4811429e-02
1.3400000e+02	1.1660689e-01	3.1440282e-02	3.6272420e-01	2.9796899e-01	6.4755207e-02
1.3500000e+02	1.1667482e-01	3.1435543e-02	3.6274695e-01	2.9804830e-01	6.4698651e-02
1.3600000e+02	1.1674250e-01	3.1430138e-02	3.6276902e-01	2.9812701e-01	6.4642009e-02
1.3700000e+02	1.1680982e-01	3.1423811e-02	3.6279045e-01	2.9820505e-01	6.4585404e-02
1.3800000e+02	1.1687679e-01	3.1416684e-02	3.6281145e-01	2.9828251e-01	6.4528939e-02
1.3900000e+02	1.1694339e-01	3.1409596e-02	3.6283206e-01	2.9835942e-01	6.4472637e-02
1.4000000e+02	1.1700948e-01	3.1403007e-02	3.6285229e-01	2.9843562e-01	6.4416669e-02
1.4100000e+02	1.1707532e-01	3.1396850e-02	3.6287214e-01	2.9851139e-01	6.4360749e-02
1.4200000e+02	1.1714095e-01	3.1390824e-02	3.6289140e-01	2.9858664e-01	6.4304755e-02
1.4300000e+02	1.1720623e-01	3.1384917e-02	3.6290996e-01	2.9866121e-01	6.4248752e-02
1.4400000e+02	1.1727062e-01	3.1379253e-02	3.6292758e-01	2.9873441e-01	6.4193174e-02
1.4500000e+02	1.1733399e-01	3.1374139e-02	3.6294432e-01	2.9880615e-01	6.4138176e-02
1.4600000e+02	1.1739639e-01	3.1369541e-02	3.6296033e-01	2.9887656e-01	6.4083775e-02
1.4700000e+02	1.1745821e-01	3.1365405e-02	3.6297609e-01	2.9894625e-01	6.4029835e-02
1.4800000e+02	1.1751949e-01	3.1361499e-02	3.6299182e-01	2.9901540e-01	6.3976425e-02
1.4900000e+02	1.1757994e-01	3.1357863e-02	3.6300765e-01	2.9908376e-01	6.3923892e-02
1.5000000e+02	1.1763931e-01	3.1354544e-02	3.6302360e-01	2.9915111e-01	6.3872496e-02
1.5100000e+02	1.1769750e-01	3.1351586e-02	3.6303939e-01	2.9921720e-01	6.3822190e-02
1.5200000e+02	1.1775487e-01	3.1348735e-02	3.6305484e-01	2.9928229e-01	6.3772556e-02
1.5300000e+02	1.1781154e-01	3.1345850e-02	3.6306981e-01	2.9934644e-01	6.3723369e-02
1.5400000e+02	1.1786759e-01	3.1342815e-02	3.6308435e-01	2.9940976e-01	6.3674590e-02
1.5500000e+02	1.1792276e-01	3.1340005e-02	3.6309869e-01	2.9947210e-01	6.3626586e-02
1.5600000e+02	1.1797696e-01	3.1337503e-02	3.6311311e-01	2.9953352e-01	6.3579592e-02
1.5700000e+02	1.1803012e-01	3.1335471e-02	3.6312763e-01	2.9959393e-01	6.3533696e-02
1.5800000e+02	1.1808229e-01	3.1333817e-02	3.6314222e-01	2.9965340e-01	6.3488817e-02
1.5900000e+02	1.1813345e-01	3.1332615e-02	3.6315693e-01	2.9971191e-01	6.3445013e-02
1.6000000e+02	1.1818369e-01	3.1331667e-02	3.6317192e-01	2.9976965e-01	6.3402265e-02
1.6100000e+02	1.1823308e-01	3.1330913e-02	3.6318712e-01	2.9982664e-01	6.3360484e-02
1.6200000e+02	1.1828189e-01	3.1330191e-02	3.6320239e-01	2.9988308e-01	6.3319306e-02
1.6300000e+02	1.1833018e-01	3.1329566e-02	3.6321744e-01	2.9993890e-01	6.3278538e-02
1.6400000e+02	1.1837815e-01	3.1328928e-02	3.6323206e-01	2.9999418e-01	6.3237879e-02
1.6500000e+02	1.1842571e-01	3.1328547e-02	3.6324598e-01	3.0004870e-01	6.3197279e-02
1.6600000e+02	1.1847285e-01	3.1328412e-02	3.6325917e-01	3.0010243e-01	6.3156740e-02
1.6700000e+02	1.1851943e-01	3.1328689e-02	3.6327179e-01	3.0015533e-01	6.3116465e-02
1.6800000e+02	1.1856548e-01	3.1329285e-02	3.6328396e-01	3.0020746e-01	6.3076499e-02
1.6900000e+02	1.1861093e-01	3.1330325e-02	3.6329575e-01	3.0025881e-01	6.3036946e-02
1.7000000e+02	1.1865589e-01	3.1331582e-02	3.6330712e-01	3.0030945e-01	6.2997672e-02
1.7100000e+02	1.1870034e-01	3.1333085e-02	3.6331779e-01	3.0035923e-01	6.2958555e-02
1.7200000e+02	1.1874440e-01	3.1334672e-02	3.6332782e-01	3.0040831e-01	6.2919512e-02
1.7300000e+02	1.1878792e-01	3.1336448e-02	3.6333717e-01	3.0045650e-01	6.2880668e-02
1.7400000e+02	1.1883121e-01	3.1338151e-02	3.6334577e-01	3.0050410e-01	6.2841671e-02
1.7500000e+02	1.1887420e-01	3.1339963e-02	3.6335370e-01	3.0055105e-01	6.2802649e-02
1.7600000e+02	1.1891682e-01	3.1341979e-02	3.6336106e-01	3.0059734e-01	6.2763714e-02
1.7700000e+02	1.1895911e-01	3.1344375e-02	3.6336802e-01	3.0064312e-01	6.2724901e-02
1.7800000e+02	1.1900119e-01	3.1346822e-02	3.6337472e-01	3.0068855e-01	6.2686175e-02
1.7900000e+02	1.1904302e-01	3.1349243e-02	3.6338117e-01	3.0073360e-01	6.2647568e-02
1.8000000e+02	1.1908478e-01	3.1351245e-02	3.6338714e-01	3.0077835e-01	6.2608790e-02
1.8100000e+02	1.1912596e-01	3.1353044e-02	3.6339245e-01	3.0082218e-01	6.2570266e-02
1.8200000e+02	1.1916593e-01	3.1354726e-02	3.6339703e-01	3.0086444e-01	6.2532586e-02
1.8300000e+02	1.1920419e-01	3.1356689e-02	3.6340104e-01	3.0090471e-01	6.2496332e-02
1.8400000e+02	1.1924080e-01	3.1358779e-02	3.6340492e-01	3.0094326e-01	6.2461657e-02
1.8500000e+02	1.1927582e-01	3.1360863e-02	3.6340939e-01	3.0098052e-01	6.2428875e-02
1.8600000e+02	1.1930946e-01	3.1362374e-02	3.6341493e-01	3.0101692e-01	6.2398009e-02
1.8700000e+02	1.1934194e-01	3.1363320e-02	3.6342128e-01	3.0105257e-01	6.2368701e-02
1.8800000e+02	1.1937376e-01	3.1363568e-02	3.6342781e-01	3.0108767e-01	6.2340141e-02
1.8900000e+02	1.1940481e-01	3.1363462e-02	3.6343384e-01	3.0112173e-01	6.2312109e-02
1.9000000e+02	1.1943497e-01	3.1363047e-02	3.6343929e-01	3.0115462e-01	6.2284674e-02
1.9100000e+02	1.1946424e-01	3.1362489e-02	3.6344468e-01	3.0118658e-01	6.2258096e-02
1.9200000e+02	1.1949271e-01	3.1361858e-02	3.6345043e-01	3.0121792e-01	6.2232503e-02
1.9300000e+02	1.1952012e-01	3.1361117e-02	3.6345662e-01	3.0124843e-01	6.2208195e-02
1.9400000e+02	1.1954635e-01	3.1359772e-02	3.6346289e-01	3.0127779e-01	6.2185094e-02
1.9500000e+02	1.1957111e-01	3.1357843e-02	3.6346855e-01	3.0130538e-01	6.2163168e-02
1.9600000e+02	1.1959409e-01	3.1355620e-02	3.6347315e-01	3.0133067e-01	6.2142483e-02
1.9700000e+02	1.1961514e-01	3.1353534e-02	3.6347678e-01	3.0135353e-01	6.2123246e-02
1.9800000e+02	1.1963415e-01	3.1351863e-02	3.6347984e-01	3.0137407e-01	6.2105773e-02
1.9900000e+02	1.1965099e-01	3.1350758e-02	3.6348293e-01	3.0139245e-01	6.2090472e-02
2.0000000e+02	1.1966554e-01	3.1350194e-02	3.6348653e-01	3.0140881e-01	6.2077724e-02
2.0100000e+02	1.1967760e-01	3.1349960e-02	3.6349066e-01	3.0142293e-01	6.2067729e-02
2.0200000e+02	1.1968701e-01	3.1349797e-02	3.6349499e-01	3.0143450e-01	6.2060486e-02
2.0300000e+02	1.1969381e-01	3.1349593e-02	3.6349926e-01	3.0144344e-01	6.2055824e-02
2.0400000e+02	1.1969813e-01	3.1349383e-02	3.6350392e-01	3.0145009e-01	6.2053833e-02
2.0500000e+02	1.1969992e-01	3.1349410e-02	3.6350935e-01	3.0145459e-01	6.2054757e-02
2.0600000e+02	1.1969938e-01	3.1349520e-02	3.6351570e-01	3.0145722e-01	6.2058472e-02
2.0700000e+02	1.1969696e-01	3.1349351e-02	3.6352283e-01	3.0145838e-01	6.2064454e-02
2.0800000e+02	1.1969269e-01	3.1349005e-02	3.6353069e-01	3.0145804e-01	6.2072650e-02
2.0900000e+02	1.1968661e-01	3.1348737e-02	3.6353917e-01	3.0145620e-01	6.2082976e-02
2.1000000e+02	1.1967897e-01	3.1348615e-02	3.6354852e-01	3.0145323e-01	6.2095288e-02
2.1100000e+02	1.1967018e-01	3.1348642e-02	3.6355870e-01	3.0144953e-01	6.2109164e-02
2.1200000e+02	1.1966059e-01	3.1348795e-02	3.6356963e-01	3.0144540e-01	6.2124229e-02
2.1300000e+02	1.1965062e-01	3.1348842e-02	3.6358088e-01	3.0144106e-01	6.2139820e-02
2.1400000e+02	1.1964088e-01	3.1348204e-02	3.6359217e-01	3.0143697e-01	6.2155201e-02
2.1500000e+02	1.1963130e-01	3.1347081e-02	3.6360332e-01	3.0143296e-01	6.2170360e-02
2.1600000e+02	1.1962182e-01	3.1345851e-02	3.6361464e-01	3.0142914e-01	6.2185501e-02
2.1700000e+02	1.1961276e-01	3.1344738e-02	3.6362661e-01	3.0142607e-01	6.2200548e-02
2.1800000e+02	1.1960479e-01	3.1343729e-02	3.6363974e-01	3.0142466e-01	6.2215079e-02
2.1900000e+02	1.1959849e-01	3.1342894e-02	3.6365420e-01	3.0142559e-01	6.2228611e-02
2.2000000e+02	1.1959424e-01	3.1341953e-02	3.6366952e-01	3.0142900e-01	6.2240523e-02
2.2100000e+02	1.1959178e-01	3.1340456e-02	3.6368449e-01	3.0143403e-01	6.2250466e-02
2.2200000e+02	1.1959060e-01	3.1338232e-02	3.6369833e-01	3.0143976e-01	6.2258571e-02
2.2300000e+02	1.1959086e-01	3.1335488e-02	3.6371125e-01	3.0144649e-01	6.2264761e-02
2.2400000e+02	1.1959270e-01	3.1332439e-02	3.6372351e-01	3.0145446e-01	6.2269054e-02
2.2500000e+02	1.1959614e-01	3.1329335e-02	3.6373526e-01	3.0146377e-01	6.2271492e-02
2.2600000e+02	1.1960084e-01	3.1326276e-02	3.6374609e-01	3.0147388e-01	6.2272208e-02
2.2700000e+02	1.1960684e-01	3.1323081e-02	3.6375551e-01	3.0148460e-01	6.2270916e-02
2.2800000e+02	1.1961384e-01	3.1319371e-02	3.6376306e-01	3.0149537e-01	6.2267691e-02
2.2900000e+02	1.1962168e-01	3.1315088e-02	3.6376886e-01	3.0150611e-01	6.2262756e-02
2.3000000e+02	1.1962981e-01	3.1309978e-02	3.6377270e-01	3.0151616e-01	6.2256541e-02
2.3100000e+02	1.1963884e-01	3.1304439e-02	3.6377502e-01	3.0152635e-01	6.2248669e-02
2.3200000e+02	1.1964924e-01	3.1298865e-02	3.6377584e-01	3.0153717e-01	6.2238677e-02
2.3300000e+02	1.1966075e-01	3.1293591e-02	3.6377454e-01	3.0154802e-01	6.2226519e-02
2.3400000e+02	1.1967433e-01	3.1288658e-02	3.6377092e-01	3.0155979e-01	6.2211133e-02
2.3500000e+02	1.1968944e-01	3.1283816e-02	3.6376455e-01	3.0157172e-01	6.2192829e-02
2.3600000e+02	1.1970488e-01	3.1278698e-02	3.6375530e-01	3.0158253e-01	6.2172768e-02
2.3700000e+02	1.1972109e-01	3.1273972e-02	3.6374462e-01	3.0159340e-01	6.2151216e-02
2.3800000e+02	1.1973912e-01	3.1270332e-02	3.6373406e-01	3.0160615e-01	6.2127913e-02
2.3900000e+02	1.1975973e-01	3.1268121e-02	3.6372443e-01	3.0162195e-01	6.2102481e-02
2.4000000e+02	1.1978282e-01	3.1266720e-02	3.6371523e-01	3.0164044e-01	6.2074794e-02
2.4100000e+02	1.1980840e-01	3.1265880e-02	3.6370591e-01	3.0166135e-01	6.2044554e-02
2.4200000e+02	1.1983626e-01	3.1265530e-02	3.6369590e-01	3.0168421e-01	6.2011694e-02
2.4300000e+02	1.1986578e-01	3.1265927e-02	3.6368511e-01	3.0170833e-01	6.1976774e-02
2.4400000e+02	1.1989691e-01	3.1267124e-02	3.6367367e-01	3.0173374e-01	6.1939928e-02
2.4500000e+02	1.1991144e-01	3.1267246e-02	3.6366781e-01	3.0174534e-01	6.1922466e-02
2.4600000e+02	1.1995128e-01	3.1269159e-02	3.6365160e-01	3.0177708e-01	6.1874521e-02
2.4700000e+02	1.1999031e-01	3.1271526e-02	3.6363471e-01	3.0180766e-01	6.1827048e-02
2.4800000e+02	1.2000659e-01	3.1272523e-02	3.6362785e-01	3.0182051e-01	6.1807338e-02
2.4900000e+02	1.2002411e-01	3.1274147e-02	3.6361918e-01	3.0183370e-01	6.1785485e-02
2.5000000e+02	1.2006093e-01	3.1276649e-02	3.6358782e-01	3.0185484e-01	6.1732977e-02
2.5100000e+02	1.2007657e-01	3.1279045e-02	3.6357643e-01	3.0186479e-01	6.1711647e-02
2.5200000e+02	1.2009447e-01	3.1282030e-02	3.6356400e-01	3.0187647e-01	6.1687526e-02
2.5300000e+02	1.2014197e-01	3.1286218e-02	3.6352949e-01	3.0190671e-01	6.1622782e-02
2.5400000e+02	1.2016249e-01	3.1290405e-02	3.6352012e-01	3.0192255e-01	6.1597566e-02
2.5500000e+02	1.2018315e-01	3.1294166e-02	3.6351107e-01	3.0193869e-01	6.1572383e-02
2.5600000e+02	1.2020294e-01	3.1296711e-02	3.6350046e-01	3.0195317e-01	6.1547287e-02
2.5700000e+02	1.2022448e-01	3.1298814e-02	3.6348868e-01	3.0196882e-01	6.1519861e-02
2.5800000e+02	1.2024940e-01	3.1301268e-02	3.6347618e-01	3.0198749e-01	6.1488687e-02
2.5900000e+02	1.2027695e-01	3.1304753e-02	3.6346302e-01	3.0200847e-01	6.1454556e-02
2.6000000e+02	1.2030573e-01	3.1309397e-02	3.6344993e-01	3.0203070e-01	6.1419236e-02
2.6100000e+02	1.2033502e-01	3.1315083e-02	3.6343783e-01	3.0205394e-01	6.1383893e-02
2.6200000e+02	1.2036367e-01	3.1320779e-02	3.6342655e-01	3.0207694e-01	6.1349604e-02
2.6300000e+02	1.2038998e-01	3.1325773e-02	3.6341568e-01	3.0209783e-01	6.1317858e-02
2.6400000e+02	1.2041184e-01	3.1329048e-02	3.6340476e-01	3.0211422e-01	6.1290541e-02
2.6500000e+02	1.2043082e-01	3.1330428e-02	3.6339446e-01	3.0212805e-01	6.1266411e-02
2.6600000e+02	1.2044918e-01	3.1330276e-02	3.6338555e-01	3.0214196e-01	6.1243590e-02
2.6700000e+02	1.2046704e-01	3.1329164e-02	3.6337808e-01	3.0215608e-01	6.1221998e-02
2.6800000e+02	1.2048237e-01	3.1326611e-02	3.6337040e-01	3.0216757e-01	6.1202834e-02
2.6900000e+02	1.2049459e-01	3.1322419e-02	3.6336186e-01	3.0217552e-01	6.1186339e-02
2.7000000e+02	1.2050542e-01	3.1316814e-02	3.6335260e-01	3.0218172e-01	6.1170883e-02
2.7100000e+02	1.2051747e-01	3.1310241e-02	3.6334271e-01	3.0218882e-01	6.1153886e-02
2.7200000e+02	1.2053043e-01	3.1302740e-02	3.6333118e-01	3.0219602e-01	6.1135157e-02
2.7300000e+02	1.2054363e-01	3.1294607e-02	3.6331771e-01	3.0220249e-01	6.1115220e-02
2.7400000e+02	1.2055764e-01	3.1286179e-02	3.6330230e-01	3.0220879e-01	6.1093505e-02
2.7500000e+02	1.2057387e-01	3.1278164e-02	3.6328563e-01	3.0221668e-01	6.1068949e-02
2.7600000e+02	1.2059346e-01	3.1271484e-02	3.6326764e-01	3.0222728e-01	6.1040355e-02
2.7700000e+02	1.2061647e-01	3.1266994e-02	3.6324846e-01	3.0224070e-01	6.1007756e-02
2.7800000e+02	1.2064290e-01	3.1265036e-02	3.6322835e-01	3.0225708e-01	6.0971271e-02
2.7900000e+02	1.2067274e-01	3.1265362e-02	3.6320753e-01	3.0227651e-01	6.0931019e-02
2.8000000e+02	1.2070387e-01	3.1266563e-02	3.6318472e-01	3.0229623e-01	6.0888487e-02
2.8100000e+02	1.2073343e-01	3.1268007e-02	3.6315803e-01	3.0231245e-01	6.0845585e-02
2.8200000e+02	1.2080200e-01	3.1270008e-02	3.6308457e-01	3.0234429e-01	6.0740282e-02
2.8300000e+02	1.2081658e-01	3.1269381e-02	3.6306094e-01	3.0234705e-01	6.0713890e-02
2.8400000e+02	1.2082637e-01	3.1269190e-02	3.6303757e-01	3.0234515e-01	6.0692418e-02
2.8500000e+02	1.2083577e-01	3.1270628e-02	3.6301351e-01	3.0234253e-01	6.0670984e-02
2.8600000e+02	1.2088031e-01	3.1273727e-02	3.6297050e-01	3.0236557e-01	6.0604939e-02
2.8700000e+02	1.2089452e-01	3.1276244e-02	3.6295535e-01	3.0237219e-01	6.0583160e-02
2.8800000e+02	1.2094489e-01	3.1279433e-02	3.6293353e-01	3.0241165e-01	6.0521879e-02
2.8900000e+02	1.2096424e-01	3.1282110e-02	3.6292403e-01	3.0242625e-01	6.0497779e-02
2.9000000e+02	1.2102004e-01	3.1287018e-02	3.6291211e-01	3.0247610e-01	6.0436011e-02
2.9100000e+02	1.2103970e-01	3.1292023e-02	3.6290687e-01	3.0249314e-01	6.0413737e-02
2.9200000e+02	1.2110563e-01	3.1298056e-02	3.6290282e-01	3.0255703e-01	6.0345782e-02
2.9300000e+02	1.2117080e-01	3.1300729e-02	3.6290365e-01	3.0262262e-01	6.0281029e-02
2.9400000e+02	1.2119537e-01	3.1299717e-02	3.6290484e-01	3.0264779e-01	6.0257052e-02
2.9500000e+02	1.2126927e-01	3.1292721e-02	3.6290296e-01	3.0272075e-01	6.0182207e-02
2.9600000e+02	1.2134105e-01	3.1284475e-02	3.6289484e-01	3.0278847e-01	6.0106365e-02
2.9700000e+02	1.2139986e-01	3.1279005e-02	3.6288129e-01	3.0284051e-01	6.0040785e-02
2.9800000e+02	1.2142031e-01	3.1277276e-02	3.6288069e-01	3.0286065e-01	6.0020037e-02
2.9900000e+02	1.2146982e-01	3.1273223e-02	3.6286256e-01	3.0290109e-01	5.9961463e-02
3.0000000e+02	1.2151862e-01	3.1267644e-02	3.6284461e-01	3.0294092e-01	5.9903688e-02
3.0100000e+02	1.2156511e-01	3.1261070e-02	3.6282836e-01	3.0297929e-01	5.9849066e-02
3.0200000e+02	1.2160720e-01	3.1255465e-02	3.6281402e-01	3.0301421e-01	5.9799806e-02
3.0300000e+02	1.2164439e-01	3.1251423e-02	3.6280149e-01	3.0304513e-01	5.9756357e-02
3.0400000e+02	1.2167822e-01	3.1248161e-02	3.6278985e-01	3.0307315e-01	5.9716707e-02
3.0500000e+02	1.2171128e-01	3.1244536e-02	3.6277775e-01	3.0310016e-01	5.9677592e-02
3.0600000e+02	1.2174517e-01	3.1239612e-02	3.6276406e-01	3.0312720e-01	5.9636859e-02
3.0700000e+02	1.2177985e-01	3.1233925e-02	3.6274756e-01	3.0315363e-01	5.9593931e-02
3.0800000e+02	1.2181438e-01	3.1228489e-02	3.6272689e-01	3.0317783e-01	5.9549063e-02
3.0900000e+02	1.2184632e-01	3.1224872e-02	3.6270159e-01	3.0319711e-01	5.9504480e-02
3.1000000e+02	1.2187424e-01	3.1223291e-02	3.6267275e-01	3.0321061e-01	5.9462138e-02
3.1100000e+02	1.2189792e-01	3.1223078e-02	3.6264256e-01	3.0321919e-01	5.9423363e-02
3.1200000e+02	1.2191864e-01	3.1222955e-02	3.6261331e-01	3.0322530e-01	5.9388009e-02
3.1300000e+02	1.2193764e-01	3.1222288e-02	3.6258590e-01	3.0323059e-01	5.9355311e-02
3.1400000e+02	1.2195593e-01	3.1220839e-02	3.6256001e-01	3.0323594e-01	5.9324079e-02
3.1500000e+02	1.2197374e-01	3.1218905e-02	3.6253455e-01	3.0324101e-01	5.9293537e-02
3.1600000e+02	1.2199100e-01	3.1217014e-02	3.6250860e-01	3.0324530e-01	5.9263301e-02
3.1700000e+02	1.2200740e-01	3.1215880e-02	3.6248235e-01	3.0324857e-01	5.9233776e-02
3.1800000e+02	1.2202288e-01	3.1215511e-02	3.6245670e-01	3.0325123e-01	5.9205466e-02
3.1900000e+02	1.2203726e-01	3.1215420e-02	3.6243242e-01	3.0325347e-01	5.9178954e-02
3.2000000e+02	1.2205090e-01	3.1214929e-02	3.6241008e-01	3.0325594e-01	5.9154134e-02
3.2100000e+02	1.2206417e-01	3.1214071e-02	3.6238965e-01	3.0325900e-01	5.9130648e-02
3.2200000e+02	1.2207732e-01	3.1213394e-02	3.6237053e-01	3.0326258e-01	5.9107945e-02
3.2300000e+02	1.2209030e-01	3.1213690e-02	3.6235194e-01	3.0326627e-01	5.9085664e-02
3.2400000e+02	1.2210359e-01	3.1215212e-02	3.6233380e-01	3.0327049e-01	5.9063310e-02
3.2500000e+02	1.2211746e-01	3.1218076e-02	3.6231629e-01	3.0327560e-01	5.9040688e-02
3.2600000e+02	1.2213208e-01	3.1222162e-02	3.6229963e-01	3.0328190e-01	5.9017729e-02
3.2700000e+02	1.2214747e-01	3.1227165e-02	3.6228425e-01	3.0328960e-01	5.8994652e-02
3.2800000e+02	1.2216404e-01	3.1232470e-02	3.6227086e-01	3.0329947e-01	5.8971388e-02
3.2900000e+02	1.2218183e-01	3.1237441e-02	3.6225918e-01	3.0331142e-01	5.8947762e-02
3.3000000e+02	1.2220122e-01	3.1241674e-02	3.6224848e-01	3.0332546e-01	5.8923025e-02
3.3100000e+02	1.2222188e-01	3.1245616e-02	3.6223802e-01	3.0334089e-01	5.8897133e-02
3.3200000e+02	1.2224326e-01	3.1249661e-02	3.6222778e-01	3.0335715e-01	5.8870633e-02
3.3300000e+02	1.2226457e-01	3.1253914e-02	3.6221765e-01	3.0337339e-01	5.8844259e-02
3.3400000e+02	1.2228572e-01	3.1258033e-02	3.6220753e-01	3.0338949e-01	5.8818043e-02
3.3500000e+02	1.2230696e-01	3.1261655e-02	3.6219688e-01	3.0340540e-01	5.8791478e-02
3.3600000e+02	1.2232840e-01	3.1264352e-02	3.6218566e-01	3.0342122e-01	5.8764432e-02
3.3700000e+02	1.2234957e-01	3.1266158e-02	3.6217372e-01	3.0343643e-01	5.8737283e-02
3.3800000e+02	1.2236979e-01	3.1267256e-02	3.6216121e-01	3.0345040e-01	5.8710815e-02
3.3900000e+02	1.2238848e-01	3.1268123e-02	3.6214844e-01	3.0346270e-01	5.8685742e-02
3.4000000e+02	1.2240534e-01	3.1268858e-02	3.6213542e-01	3.0347305e-01	5.8662374e-02
3.4100000e+02	1.2242024e-01	3.1269539e-02	3.6212197e-01	3.0348122e-01	5.8640747e-02
3.4200000e+02	1.2243351e-01	3.1270102e-02	3.6210858e-01	3.0348780e-01	5.8620783e-02
3.4300000e+02	1.2244567e-01	3.1270146e-02	3.6209641e-01	3.0349388e-01	5.8602535e-02
3.4400000e+02	1.2245703e-01	3.1269177e-02	3.6208676e-01	3.0350041e-01	5.8586354e-02
3.4500000e+02	1.2246775e-01	3.1267128e-02	3.6207990e-01	3.0350770e-01	5.8572203e-02
3.4600000e+02	1.2247792e-01	3.1264325e-02	3.6207559e-01	3.0351572e-01	5.8559880e-02
3.4700000e+02	1.2248749e-01	3.1261096e-02	3.6207313e-01	3.0352405e-01	5.8549072e-02
3.4800000e+02	1.2249628e-01	3.1258032e-02	3.6207161e-01	3.0353209e-01	5.8539522e-02
3.4900000e+02	1.2250447e-01	3.1255448e-02	3.6206999e-01	3.0353946e-01	5.8530527e-02
3.5000000e+02	1.2251196e-01	3.1253499e-02	3.6206762e-01	3.0354577e-01	5.8521854e-02
3.5100000e+02	1.2251914e-01	3.1251941e-02	3.6206457e-01	3.0355142e-01	5.8513152e-02
3.5200000e+02	1.2252614e-01	3.1250802e-02	3.6206161e-01	3.0355694e-01	5.8504666e-02
3.5300000e+02	1.2253336e-01	3.1249949e-02	3.6205976e-01	3.0356324e-01	5.8496517e-02
3.5400000e+02	1.2254054e-01	3.1249309e-02	3.6205952e-01	3.0357030e-01	5.8489223e-02
3.5500000e+02	1.2254753e-01	3.1248589e-02	3.6206062e-01	3.0357784e-01	5.8482783e-02
3.5600000e+02	1.2255404e-01	3.1247794e-02	3.6206275e-01	3.0358542e-01	5.8477331e-02
3.5700000e+02	1.2256013e-01	3.1246868e-02	3.6206549e-01	3.0359288e-01	5.8472619e-02
3.5800000e+02	1.2256566e-01	3.1245782e-02	3.6206875e-01	3.0360004e-01	5.8468712e-02
3.5900000e+02	1.2257066e-01	3.1244715e-02	3.6207234e-01	3.0360682e-01	5.8465513e-02
3.6000000e+02	1.2257512e-01	3.1243913e-02	3.6207613e-01	3.0361319e-01	5.8462942e-02
3.6100000e+02	1.2257912e-01	3.1243437e-02	3.6207983e-01	3.0361904e-01	5.8460798e-02
3.6200000e+02	1.2258230e-01	3.1243363e-02	3.6208339e-01	3.0362400e-01	5.8459392e-02
3.6300000e+02	1.2258486e-01	3.1243517e-02	3.6208732e-01	3.0362852e-01	5.8458798e-02
3.6400000e+02	1.2258682e-01	3.1244004e-02	3.6209225e-01	3.0363294e-01	5.8459306e-02
3.6500000e+02	1.2258804e-01	3.1244836e-02	3.6209767e-01	3.0363688e-01	5.8460791e-02
3.6600000e+02	1.2258843e-01	3.1246057e-02	3.6210300e-01	3.0363993e-01	5.8463072e-02
3.6700000e+02	1.2258866e-01	3.1247353e-02	3.6210820e-01	3.0364276e-01	5.8465440e-02
3.6800000e+02	1.2258898e-01	3.1248602e-02	3.6211357e-01	3.0364576e-01	5.8467810e-02
3.6900000e+02	1.2258970e-01	3.1249727e-02	3.6211918e-01	3.0364929e-01	5.8469892e-02
3.7000000e+02	1.2259086e-01	3.1250944e-02	3.6212516e-01	3.0365344e-01	5.8471717e-02
3.7100000e+02	1.2259232e-01	3.1252335e-02	3.6213108e-01	3.0365786e-01	5.8473225e-02
3.7200000e+02	1.2259395e-01	3.1253836e-02	3.6213659e-01	3.0366224e-01	5.8474343e-02
3.7300000e+02	1.2259614e-01	3.1255180e-02	3.6214118e-01	3.0366673e-01	5.8474452e-02
3.7400000e+02	1.2259895e-01	3.1256001e-02	3.6214470e-01	3.0367130e-01	5.8473403e-02
3.7500000e+02	1.2260240e-01	3.1256155e-02	3.6214715e-01	3.0367598e-01	5.8471174e-02
3.7600000e+02	1.2260622e-01	3.1255351e-02	3.6214862e-01	3.0368053e-01	5.8468093e-02
3.7700000e+02	1.2261014e-01	3.1253520e-02	3.6214921e-01	3.0368474e-01	5.8464463e-02
3.7800000e+02	1.2261405e-01	3.1250782e-02	3.6214918e-01	3.0368863e-01	5.8460542e-02
3.7900000e+02	1.2261752e-01	3.1247484e-02	3.6214812e-01	3.0369158e-01	5.8456545e-02
3.8000000e+02	1.2262041e-01	3.1243728e-02	3.6214549e-01	3.0369315e-01	5.8452334e-02
3.8100000e+02	1.2262273e-01	3.1239664e-02	3.6214040e-01	3.0369293e-01	5.8447476e-02
3.8200000e+02	1.2262438e-01	3.1235269e-02	3.6213229e-01	3.0369052e-01	5.8441766e-02
3.8300000e+02	1.2262529e-01	3.1230602e-02	3.6212135e-01	3.0368597e-01	5.8435386e-02
3.8400000e+02	1.2262572e-01	3.1225783e-02	3.6210927e-01	3.0368035e-01	5.8428916e-02
3.8500000e+02	1.2262589e-01	3.1221060e-02	3.6209728e-01	3.0367453e-01	5.8422753e-02
3.8600000e+02	1.2262541e-01	3.1216851e-02	3.6208570e-01	3.0366827e-01	5.8417438e-02
3.8700000e+02	1.2262401e-01	3.1213619e-02	3.6207423e-01	3.0366113e-01	5.8413103e-02
3.8800000e+02	1.2262211e-01	3.1211334e-02	3.6206274e-01	3.0365348e-01	5.8409258e-02
3.8900000e+02	1.2262010e-01	3.1209909e-02	3.6205103e-01	3.0364561e-01	5.8405415e-02
3.9000000e+02	1.2261834e-01	3.1209098e-02	3.6203939e-01	3.0363804e-01	5.8401358e-02
3.9100000e+02	1.2261698e-01	3.1209129e-02	3.6202846e-01	3.0363121e-01	5.8397253e-02
3.9200000e+02	1.2261612e-01	3.1209898e-02	3.6201896e-01	3.0362560e-01	5.8393360e-02
3.9300000e+02	1.2261584e-01	3.1211258e-02	3.6201111e-01	3.0362140e-01	5.8389708e-02
3.9400000e+02	1.2261646e-01	3.1212784e-02	3.6200503e-01	3.0361897e-01	5.8386060e-02
3.9500000e+02	1.2261770e-01	3.1214556e-02	3.6200047e-01	3.0361794e-01	5.8382538e-02
3.9600000e+02	1.2261927e-01	3.1216833e-02	3.6199718e-01	3.0361786e-01	5.8379316e-02
3.9700000e+02	1.2262089e-01	3.1219433e-02	3.6199460e-01	3.0361818e-01	5.8376413e-02
3.9800000e+02	1.2262246e-01	3.1221872e-02	3.6199245e-01	3.0361868e-01	5.8373766e-02
3.9900000e+02	1.2262404e-01	3.1223945e-02	3.6199067e-01	3.0361937e-01	5.8371291e-02
4.0000000e+02	1.2262535e-01	3.1225595e-02	3.6198895e-01	3.0361983e-01	5.8369124e-02
4.0100000e+02	1.2262580e-01	3.1227245e-02	3.6198696e-01	3.0361928e-01	5.8367675e-02
4.0200000e+02	1.2262479e-01	3.1229523e-02	3.6198450e-01	3.0361705e-01	5.8367459e-02
4.0300000e+02	1.2262215e-01	3.1232523e-02	3.6198175e-01	3.0361302e-01	5.8368722e-02
4.0400000e+02	1.2261815e-01	3.1235731e-02	3.6197893e-01	3.0360761e-01	5.8371322e-02
4.0500000e+02	1.2261344e-01	3.1238655e-02	3.6197645e-01	3.0360166e-01	5.8374787e-02
4.0600000e+02	1.2260860e-01	3.1241021e-02	3.6197493e-01	3.0359606e-01	5.8378868e-02
4.0700000e+02	1.2260357e-01	3.1243032e-02	3.6197490e-01	3.0359103e-01	5.8383877e-02
4.0800000e+02	1.2259832e-01	3.1244840e-02	3.6197705e-01	3.0358684e-01	5.8390209e-02
4.0900000e+02	1.2259303e-01	3.1246547e-02	3.6198176e-01	3.0358391e-01	5.8397847e-02
4.1000000e+02	1.2258800e-01	3.1247921e-02	3.6198912e-01	3.0358256e-01	5.8406562e-02
4.1100000e+02	1.2258350e-01	3.1248824e-02	3.6199820e-01	3.0358260e-01	5.8415594e-02
4.1200000e+02	1.2257999e-01	3.1249355e-02	3.6200814e-01	3.0358406e-01	5.8424075e-02
4.1300000e+02	1.2257766e-01	3.1249837e-02	3.6201792e-01	3.0358662e-01	5.8431304e-02
4.1400000e+02	1.2257626e-01	3.1250435e-02	3.6202682e-01	3.0358967e-01	5.8437148e-02
4.1500000e+02	1.2257533e-01	3.1251116e-02	3.6203437e-01	3.0359251e-01	5.8441855e-02
4.1600000e+02	1.2257466e-01	3.1251825e-02	3.6204098e-01	3.0359515e-01	5.8445830e-02
4.1700000e+02	1.2257439e-01	3.1252454e-02	3.6204706e-01	3.0359792e-01	5.8449141e-02
4.1800000e+02	1.2257445e-01	3.1252574e-02	3.6205240e-01	3.0360065e-01	5.8451757e-02
4.1900000e+02	1.2257459e-01	3.1252277e-02	3.6205626e-01	3.0360272e-01	5.8453543e-02
4.2000000e+02	1.2257442e-01	3.1251616e-02	3.6205817e-01	3.0360350e-01	5.8454668e-02
4.2100000e+02	1.2257329e-01	3.1250790e-02	3.6205789e-01	3.0360223e-01	5.8455654e-02
4.2200000e+02	1.2257121e-01	3.1249721e-02	3.6205645e-01	3.0359943e-01	5.8457018e-02
4.2300000e+02	1.2256842e-01	3.1248463e-02	3.6205492e-01	3.0359588e-01	5.8459037e-02
4.2400000e+02	1.2256504e-01	3.1247074e-02	3.6205433e-01	3.0359220e-01	5.8462123e-02
4.2500000e+02	1.2256119e-01	3.1245762e-02	3.6205493e-01	3.0358866e-01	5.8466276e-02
4.2600000e+02	1.2255736e-01	3.1244400e-02	3.6205667e-01	3.0358569e-01	5.8470979e-02
4.2700000e+02	1.2255372e-01	3.1242863e-02	3.6205839e-01	3.0358291e-01	5.8475475e-02
4.2800000e+02	1.2254999e-01	3.1240971e-02	3.6205907e-01	3.0357953e-01	5.8479548e-02
4.2900000e+02	1.2254619e-01	3.1238598e-02	3.6205805e-01	3.0357521e-01	5.8482834e-02
4.3000000e+02	1.2254227e-01	3.1236168e-02	3.6205575e-01	3.0357014e-01	5.8485610e-02
4.3100000e+02	1.2253779e-01	3.1234395e-02	3.6205262e-01	3.0356410e-01	5.8488517e-02
4.3200000e+02	1.2253300e-01	3.1233369e-02	3.6204970e-01	3.0355785e-01	5.8491852e-02
4.3300000e+02	1.2252824e-01	3.1233268e-02	3.6204780e-01	3.0355214e-01	5.8495661e-02
4.3400000e+02	1.2252398e-01	3.1233810e-02	3.6204745e-01	3.0354771e-01	5.8499744e-02
4.3500000e+02	1.2252021e-01	3.1234960e-02	3.6204848e-01	3.0354445e-01	5.8504036e-02
4.3600000e+02	1.2251697e-01	3.1236130e-02	3.6205073e-01	3.0354233e-01	5.8508395e-02
4.3700000e+02	1.2251440e-01	3.1237475e-02	3.6205396e-01	3.0354138e-01	5.8512582e-02
4.3800000e+02	1.2251265e-01	3.1238823e-02	3.6205854e-01	3.0354192e-01	5.8516624e-02
4.3900000e+02	1.2251162e-01	3.1239901e-02	3.6206460e-01	3.0354392e-01	5.8520680e-02
4.4000000e+02	1.2251144e-01	3.1240410e-02	3.6207274e-01	3.0354781e-01	5.8524930e-02
4.4100000e+02	1.2251163e-01	3.1240116e-02	3.6208208e-01	3.0355267e-01	5.8529417e-02
4.4200000e+02	1.2251151e-01	3.1238865e-02	3.6209155e-01	3.0355728e-01	5.8534269e-02
4.4300000e+02	1.2251067e-01	3.1237225e-02	3.6210060e-01	3.0356097e-01	5.8539631e-02
4.4400000e+02	1.2250888e-01	3.1235466e-02	3.6210887e-01	3.0356331e-01	5.8545555e-02
4.4500000e+02	1.2250615e-01	3.1233969e-02	3.6211613e-01	3.0356421e-01	5.8551920e-02
4.4600000e+02	1.2250288e-01	3.1232728e-02	3.6212238e-01	3.0356407e-01	5.8558311e-02
4.4700000e+02	1.2249970e-01	3.1231396e-02	3.6212783e-01	3.0356362e-01	5.8564211e-02
4.4800000e+02	1.2249701e-01	3.1229344e-02	3.6213292e-01	3.0356347e-01	5.8569448e-02
4.4900000e+02	1.2249434e-01	3.1226676e-02	3.6213730e-01	3.0356299e-01	5.8574314e-02
4.5000000e+02	1.2249123e-01	3.1223941e-02	3.6214056e-01	3.0356151e-01	5.8579056e-02
4.5100000e+02	1.2248752e-01	3.1221770e-02	3.6214226e-01	3.0355865e-01	5.8583606e-02
4.5200000e+02	1.2248341e-01	3.1220198e-02	3.6214230e-01	3.0355456e-01	5.8587737e-02
4.5300000e+02	1.2247958e-01	3.1219456e-02	3.6214087e-01	3.0355001e-01	5.8590855e-02
4.5400000e+02	1.2247687e-01	3.1219324e-02	3.6213859e-01	3.0354616e-01	5.8592425e-02
4.5500000e+02	1.2247559e-01	3.1219424e-02	3.6213575e-01	3.0354346e-01	5.8592290e-02
4.5600000e+02	1.2247542e-01	3.1219299e-02	3.6213248e-01	3.0354166e-01	5.8590819e-02
4.5700000e+02	1.2247574e-01	3.1219145e-02	3.6212842e-01	3.0353995e-01	5.8588467e-02
4.5800000e+02	1.2247636e-01	3.1219260e-02	3.6212346e-01	3.0353809e-01	5.8585369e-02
4.5900000e+02	1.2247686e-01	3.1219796e-02	3.6211742e-01	3.0353557e-01	5.8581849e-02
4.6000000e+02	1.2247736e-01	3.1220502e-02	3.6211083e-01	3.0353277e-01	5.8578061e-02
4.6100000e+02	1.2247749e-01	3.1221431e-02	3.6210433e-01	3.0352966e-01	5.8574669e-02
4.6200000e+02	1.2247671e-01	3.1222293e-02	3.6209814e-01	3.0352578e-01	5.8572357e-02
4.6300000e+02	1.2247476e-01	3.1222905e-02	3.6209229e-01	3.0352090e-01	5.8571388e-02
4.6400000e+02	1.2247194e-01	3.1222982e-02	3.6208687e-01	3.0351537e-01	5.8571499e-02
4.6500000e+02	1.2246835e-01	3.1222707e-02	3.6208163e-01	3.0350916e-01	5.8572466e-02
4.6600000e+02	1.2246441e-01	3.1222226e-02	3.6207649e-01	3.0350265e-01	5.8573837e-02
4.6700000e+02	1.2246036e-01	3.1222078e-02	3.6207152e-01	3.0349612e-01	5.8575405e-02
4.6800000e+02	1.2245603e-01	3.1222408e-02	3.6206690e-01	3.0348948e-01	5.8577415e-02
4.6900000e+02	1.2245072e-01	3.1223206e-02	3.6206255e-01	3.0348200e-01	5.8580553e-02
4.7000000e+02	1.2244434e-01	3.1224073e-02	3.6205876e-01	3.0347373e-01	5.8585036e-02
4.7100000e+02	1.2243720e-01	3.1225065e-02	3.6205573e-01	3.0346507e-01	5.8590663e-02
4.7200000e+02	1.2242999e-01	3.1226047e-02	3.6205379e-01	3.0345688e-01	5.8596906e-02
4.7300000e+02	1.2242378e-01	3.1227313e-02	3.6205342e-01	3.0345049e-01	5.8602930e-02
4.7400000e+02	1.2241936e-01	3.1228969e-02	3.6205480e-01	3.0344676e-01	5.8608046e-02
4.7500000e+02	1.2241656e-01	3.1231210e-02	3.6205772e-01	3.0344542e-01	5.8612298e-02
4.7600000e+02	1.2241468e-01	3.1233836e-02	3.6206183e-01	3.0344560e-01	5.8616233e-02
4.7700000e+02	1.2241324e-01	3.1236761e-02	3.6206676e-01	3.0344661e-01	5.8620140e-02
4.7800000e+02	1.2241237e-01	3.1239944e-02	3.6207245e-01	3.0344860e-01	5.8623854e-02
4.7900000e+02	1.2241234e-01	3.1243092e-02	3.6207838e-01	3.0345153e-01	5.8626851e-02
4.8000000e+02	1.2241365e-01	3.1245847e-02	3.6208429e-01	3.0345579e-01	5.8628499e-02
4.8100000e+02	1.2241610e-01	3.1247845e-02	3.6208979e-01	3.0346099e-01	5.8628799e-02
4.8200000e+02	1.2241849e-01	3.1248864e-02	3.6209452e-01	3.0346575e-01	5.8628769e-02
4.8300000e+02	1.2241953e-01	3.1248879e-02	3.6209791e-01	3.0346849e-01	5.8629425e-02
4.8400000e+02	1.2241857e-01	3.1248252e-02	3.6209988e-01	3.0346851e-01	5.8631372e-02
4.8500000e+02	1.2241599e-01	3.1247260e-02	3.6210072e-01	3.0346635e-01	5.8634369e-02
4.8600000e+02	1.2241270e-01	3.1246485e-02	3.6210106e-01	3.0346323e-01	5.8637832e-02
4.8700000e+02	1.2240976e-01	3.1245935e-02	3.6210130e-01	3.0346041e-01	5.8640895e-02
4.8800000e+02	1.2240706e-01	3.1245346e-02	3.6210138e-01	3.0345775e-01	5.8643627e-02
4.8900000e+02	1.2240437e-01	3.1244241e-02	3.6210091e-01	3.0345482e-01	5.8646086e-02
4.9000000e+02	1.2240134e-01	3.1242477e-02	3.6209991e-01	3.0345130e-01	5.8648609e-02
4.9100000e+02	1.2239821e-01	3.1240243e-02	3.6209881e-01	3.0344761e-01	5.8651199e-02
4.9200000e+02	1.2239508e-01	3.1238031e-02	3.6209836e-01	3.0344426e-01	5.8654101e-02
4.9300000e+02	1.2239304e-01	3.1236293e-02	3.6209960e-01	3.0344284e-01	5.8656761e-02
4.9400000e+02	1.2239223e-01	3.1235205e-02	3.6210274e-01	3.0344360e-01	5.8659143e-02
4.9500000e+02	1.2239269e-01	3.1234640e-02	3.6210749e-01	3.0344643e-01	5.8661060e-02
4.9600000e+02	1.2239356e-01	3.1234312e-02	3.6211274e-01	3.0344993e-01	5.8662807e-02
4.9700000e+02	1.2239465e-01	3.1234317e-02	3.6211804e-01	3.0345367e-01	5.8664372e-02
4.9800000e+02	1.2239592e-01	3.1234725e-02	3.6212310e-01	3.0345747e-01	5.8665626e-02
4.9900000e+02	1.2239796e-01	3.1235502e-02	3.6212811e-01	3.0346201e-01	5.8666092e-02
5.0000000e+02	1.2240160e-01	3.1236542e-02	3.6213360e-01	3.0346840e-01	5.8665207e-02
5.0100000e+02	1.2240582e-01	3.1237495e-02	3.6213950e-01	3.0347557e-01	5.8663930e-02
5.0200000e+02	1.2240924e-01	3.1237979e-02	3.6214526e-01	3.0348187e-01	5.8663388e-02
5.0300000e+02	1.2241009e-01	3.1237729e-02	3.6215000e-01	3.0348509e-01	5.8664905e-02
5.0400000e+02	1.2240797e-01	3.1236800e-02	3.6215340e-01	3.0348467e-01	5.8668732e-02
5.0500000e+02	1.2240377e-01	3.1235629e-02	3.6215582e-01	3.0348168e-01	5.8674141e-02
5.0600000e+02	1.2239904e-01	3.1234748e-02	3.6215802e-01	3.0347805e-01	5.8679966e-02
5.0700000e+02	1.2239471e-01	3.1234399e-02	3.6216065e-01	3.0347503e-01	5.8685621e-02
5.0800000e+02	1.2239058e-01	3.1234317e-02	3.6216367e-01	3.0347242e-01	5.8691252e-02
5.0900000e+02	1.2238637e-01	3.1234167e-02	3.6216675e-01	3.0346975e-01	5.8697005e-02
5.1000000e+02	1.2238158e-01	3.1233672e-02	3.6216923e-01	3.0346620e-01	5.8703037e-02
5.1100000e+02	1.2237650e-01	3.1232807e-02	3.6217091e-01	3.0346196e-01	5.8708950e-02
5.1200000e+02	1.2237297e-01	3.1232180e-02	3.6217251e-01	3.0345922e-01	5.8713287e-02
5.1300000e+02	1.2237145e-01	3.1232020e-02	3.6217443e-01	3.0345867e-01	5.8715763e-02
5.1400000e+02	1.2237165e-01	3.1232459e-02	3.6217683e-01	3.0346006e-01	5.8716763e-02
5.1500000e+02	1.2237248e-01	3.1233241e-02	3.6217939e-01	3.0346217e-01	5.8717217e-02
5.1600000e+02	1.2237334e-01	3.1234434e-02	3.6218176e-01	3.0346422e-01	5.8717538e-02
5.1700000e+02	1.2237432e-01	3.1235886e-02	3.6218363e-01	3.0346613e-01	5.8717494e-02
5.1800000e+02	1.2237591e-01	3.1237655e-02	3.6218485e-01	3.0346833e-01	5.8716515e-02
5.1900000e+02	1.2237958e-01	3.1239515e-02	3.6218582e-01	3.0347249e-01	5.8713333e-02
5.2000000e+02	1.2238506e-01	3.1241091e-02	3.6218625e-01	3.0347818e-01	5.8708065e-02
5.2100000e+02	1.2239101e-01	3.1241721e-02	3.6218550e-01	3.0348376e-01	5.8701740e-02
5.2200000e+02	1.2239512e-01	3.1241171e-02	3.6218266e-01	3.0348644e-01	5.8696213e-02
5.2300000e+02	1.2239632e-01	3.1239470e-02	3.6217755e-01	3.0348510e-01	5.8692454e-02
5.2400000e+02	1.2239516e-01	3.1237308e-02	3.6217085e-01	3.0348058e-01	5.8690265e-02
5.2500000e+02	1.2239318e-01	3.1235323e-02	3.6216352e-01	3.0347494e-01	5.8688581e-02
5.2600000e+02	1.2239134e-01	3.1233774e-02	3.6215592e-01	3.0346930e-01	5.8686619e-02
5.2700000e+02	1.2238964e-01	3.1232411e-02	3.6214784e-01	3.0346356e-01	5.8684278e-02
5.2800000e+02	1.2238770e-01	3.1230894e-02	3.6213917e-01	3.0345729e-01	5.8681880e-02
5.2900000e+02	1.2238515e-01	3.1228943e-02	3.6213006e-01	3.0345018e-01	5.8679880e-02
5.3000000e+02	1.2238231e-01	3.1226650e-02	3.6212118e-01	3.0344290e-01	5.8678284e-02
5.3100000e+02	1.2238163e-01	3.1224801e-02	3.6211411e-01	3.0343868e-01	5.8675431e-02
5.3200000e+02	1.2238327e-01	3.1223586e-02	3.6210895e-01	3.0343775e-01	5.8671202e-02
5.3300000e+02	1.2238661e-01	3.1223043e-02	3.6210527e-01	3.0343925e-01	5.8666025e-02
5.3400000e+02	1.2238984e-01	3.1222982e-02	3.6210207e-01	3.0344088e-01	5.8661195e-02
5.3500000e+02	1.2239196e-01	3.1223762e-02	3.6209908e-01	3.0344150e-01	5.8657581e-02
5.3600000e+02	1.2239287e-01	3.1225492e-02	3.6209651e-01	3.0344113e-01	5.8655383e-02
5.3700000e+02	1.2239374e-01	3.1228252e-02	3.6209508e-01	3.0344128e-01	5.8653795e-02
5.3800000e+02	1.2239588e-01	3.1231539e-02	3.6209504e-01	3.0344340e-01	5.8651638e-02
5.3900000e+02	1.2239934e-01	3.1234804e-02	3.6209589e-01	3.0344729e-01	5.8648605e-02
5.4000000e+02	1.2240263e-01	3.1237250e-02	3.6209642e-01	3.0345084e-01	5.8645580e-02
5.4100000e+02	1.2240354e-01	3.1238555e-02	3.6209539e-01	3.0345124e-01	5.8644152e-02
5.4200000e+02	1.2240129e-01	3.1238783e-02	3.6209280e-01	3.0344769e-01	5.8645112e-02
5.4300000e+02	1.2239693e-01	3.1238683e-02	3.6208975e-01	3.0344180e-01	5.8647949e-02
5.4400000e+02	1.2239202e-01	3.1238824e-02	3.6208740e-01	3.0343571e-01	5.8651684e-02
5.4500000e+02	1.2238772e-01	3.1239402e-02	3.6208632e-01	3.0343088e-01	5.8655434e-02
5.4600000e+02	1.2238393e-01	3.1240155e-02	3.6208626e-01	3.0342706e-01	5.8659204e-02
5.4700000e+02	1.2238004e-01	3.1240605e-02	3.6208663e-01	3.0342335e-01	5.8663276e-02
5.4800000e+02	1.2237552e-01	3.1240352e-02	3.6208703e-01	3.0341903e-01	5.8667993e-02
5.4900000e+02	1.2237176e-01	3.1239833e-02	3.6208801e-01	3.0341576e-01	5.8672243e-02
5.5000000e+02	1.2237108e-01	3.1239736e-02	3.6209060e-01	3.0341638e-01	5.8674217e-02
5.5100000e+02	1.2237304e-01	3.1240134e-02	3.6209443e-01	3.0342025e-01	5.8674178e-02
5.5200000e+02	1.2237620e-01	3.1240841e-02	3.6209883e-01	3.0342561e-01	5.8673222e-02
5.5300000e+02	1.2237905e-01	3.1241837e-02	3.6210316e-01	3.0343063e-01	5.8672531e-02
5.5400000e+02	1.2238085e-01	3.1243210e-02	3.6210728e-01	3.0343449e-01	5.8672789e-02
5.5500000e+02	1.2238196e-01	3.1245100e-02	3.6211144e-01	3.0343768e-01	5.8673759e-02
5.5600000e+02	1.2238407e-01	3.1247469e-02	3.6211638e-01	3.0344226e-01	5.8674118e-02
5.5700000e+02	1.2238787e-01	3.1250066e-02	3.6212229e-01	3.0344901e-01	5.8673278e-02
5.5800000e+02	1.2239291e-01	3.1252189e-02	3.6212879e-01	3.0345730e-01	5.8671490e-02
5.5900000e+02	1.2239697e-01	3.1253207e-02	3.6213477e-01	3.0346435e-01	5.8670415e-02
5.6000000e+02	1.2239821e-01	3.1252600e-02	3.6213926e-01	3.0346784e-01	5.8671424e-02
5.6100000e+02	1.2239650e-01	3.1250926e-02	3.6214223e-01	3.0346762e-01	5.8674610e-02
5.6200000e+02	1.2239312e-01	3.1248971e-02	3.6214410e-01	3.0346517e-01	5.8678929e-02
5.6300000e+02	1.2238941e-01	3.1247502e-02	3.6214545e-01	3.0346213e-01	5.8683318e-02
5.6400000e+02	1.2238578e-01	3.1246433e-02	3.6214631e-01	3.0345893e-01	5.8687379e-02
5.6500000e+02	1.2238188e-01	3.1245555e-02	3.6214644e-01	3.0345510e-01	5.8691344e-02
5.6600000e+02	1.2237738e-01	3.1244316e-02	3.6214544e-01	3.0345010e-01	5.8695342e-02
5.6700000e+02	1.2237267e-01	3.1242875e-02	3.6214356e-01	3.0344445e-01	5.8699114e-02
5.6800000e+02	1.2237060e-01	3.1241724e-02	3.6214237e-01	3.0344179e-01	5.8700582e-02
5.6900000e+02	1.2237168e-01	3.1241200e-02	3.6214248e-01	3.0344292e-01	5.8699555e-02
5.7000000e+02	1.2237499e-01	3.1240948e-02	3.6214353e-01	3.0344676e-01	5.8696773e-02
5.7100000e+02	1.2237818e-01	3.1240855e-02	3.6214453e-01	3.0345045e-01	5.8694087e-02
5.7200000e+02	1.2238027e-01	3.1240846e-02	3.6214499e-01	3.0345277e-01	5.8692223e-02
5.7300000e+02	1.2238108e-01	3.1241274e-02	3.6214493e-01	3.0345355e-01	5.8691383e-02
5.7400000e+02	1.2238221e-01	3.1242201e-02	3.6214510e-01	3.0345476e-01	5.8690341e-02
5.7500000e+02	1.2238478e-01	3.1243652e-02	3.6214611e-01	3.0345783e-01	5.8688271e-02
5.7600000e+02	1.2238927e-01	3.1245109e-02	3.6214800e-01	3.0346327e-01	5.8684733e-02
5.7700000e+02	1.2239396e-01	3.1246075e-02	3.6214984e-01	3.0346888e-01	5.8680955e-02
5.7800000e+02	1.2239678e-01	3.1245876e-02	3.6215033e-01	3.0347194e-01	5.8678388e-02
5.7900000e+02	1.2239627e-01	3.1244634e-02	3.6214885e-01	3.0347070e-01	5.8678153e-02
5.8000000e+02	1.2239337e-01	3.1242932e-02	3.6214593e-01	3.0346634e-01	5.8679596e-02
5.8100000e+02	1.2238932e-01	3.1241578e-02	3.6214237e-01	3.0346051e-01	5.8681862e-02
5.8200000e+02	1.2238538e-01	3.1240710e-02	3.6213866e-01	3.0345471e-01	5.8683948e-02
5.8300000e+02	1.2238111e-01	3.1240263e-02	3.6213460e-01	3.0344841e-01	5.8686191e-02
5.8400000e+02	1.2237612e-01	3.1239742e-02	3.6212997e-01	3.0344111e-01	5.8688864e-02
5.8500000e+02	1.2237030e-01	3.1239140e-02	3.6212493e-01	3.0343277e-01	5.8692165e-02
5.8600000e+02	1.2236568e-01	3.1238772e-02	3.6212061e-01	3.0342599e-01	5.8694621e-02
5.8700000e+02	1.2236448e-01	3.1239055e-02	3.6211828e-01	3.0342362e-01	5.8694663e-02
5.8800000e+02	1.2236615e-01	3.1239601e-02	3.6211766e-01	3.0342498e-01	5.8692676e-02
5.8900000e+02	1.2236910e-01	3.1240118e-02	3.6211792e-01	3.0342806e-01	5.8689861e-02
5.9000000e+02	1.2237181e-01	3.1240429e-02	3.6211821e-01	3.0343092e-01	5.8687293e-02
5.9100000e+02	1.2237358e-01	3.1240799e-02	3.6211823e-01	3.0343269e-01	5.8685539e-02
5.9200000e+02	1.2237508e-01	3.1241375e-02	3.6211823e-01	3.0343419e-01	5.8684034e-02
5.9300000e+02	1.2237783e-01	3.1242309e-02	3.6211889e-01	3.0343727e-01	5.8681617e-02
5.9400000e+02	1.2238259e-01	3.1243480e-02	3.6212040e-01	3.0344279e-01	5.8677609e-02
5.9500000e+02	1.2238843e-01	3.1244488e-02	3.6212207e-01	3.0344946e-01	5.8672608e-02
5.9600000e+02	1.2239305e-01	3.1244672e-02	3.6212255e-01	3.0345433e-01	5.8668223e-02
5.9700000e+02	1.2239461e-01	3.1243768e-02	3.6212093e-01	3.0345507e-01	5.8665857e-02
5.9800000e+02	1.2239310e-01	3.1242175e-02	3.6211734e-01	3.0345177e-01	5.8665569e-02
5.9900000e+02	1.2238976e-01	3.1240619e-02	3.6211277e-01	3.0344614e-01	5.8666629e-02
6.0000000e+02	1.2238623e-01	3.1239489e-02	3.6210844e-01	3.0344044e-01	5.8667993e-02
