# Force coefficients
# liftDir     : (0.0000000e+00 0.0000000e+00 1.0000000e+00)
# dragDir     : (1.0000000e+00 0.0000000e+00 0.0000000e+00)
# pitchAxis   : (0.0000000e+00 1.0000000e+00 0.0000000e+00)
# magUInf     : 4.4700000e+01
# lRef        : 2.9250000e-01
# Aref        : 5.3500000e-01
# CofR        : (0.0000000e+00 0.0000000e+00 0.0000000e+00)
# Time        	Cm            	Cd            	Cl            	Cl(f)         	Cl(r)         	Cm	Cd	Cl	Cl(f)	Cl(r)
1.0000000e+00	9.8507771e-03	8.0607937e-02	-2.0686321e-03	8.8164611e-03	-1.0885093e-02
2.0000000e+00	4.7790703e-03	9.7087131e-02	-1.9510450e-03	3.8035478e-03	-5.7545929e-03
3.0000000e+00	5.6095599e-04	9.4543740e-02	-5.3074308e-05	5.3441884e-04	-5.8749315e-04
4.0000000e+00	2.9523019e-04	6.2288804e-02	1.7596702e-03	1.1750653e-03	5.8460489e-04
5.0000000e+00	5.1621514e-03	1.6257528e-02	-3.0129701e-04	5.0115029e-03	-5.3127999e-03
6.0000000e+00	1.3426937e-02	-1.2045890e-02	-7.5807024e-03	9.6365854e-03	-1.7217288e-02
7.0000000e+00	1.7980361e-02	-5.9900957e-03	-1.6266634e-02	9.8470436e-03	-2.6113678e-02
8.0000000e+00	1.9075851e-02	2.0715018e-02	-2.2320296e-02	7.9157026e-03	-3.0235999e-02
9.0000000e+00	1.6896913e-02	4.9933066e-02	-2.1414825e-02	6.1894999e-03	-2.7604325e-02
1.0000000e+01	1.4338515e-02	6.0262215e-02	-1.3161198e-02	7.7579164e-03	-2.0919114e-02
1.1000000e+01	1.3798658e-02	5.0134218e-02	-3.6524593e-03	1.1972428e-02	-1.5624887e-02
1.2000000e+01	1.5227081e-02	2.9308723e-02	2.0905748e-03	1.6272369e-02	-1.4181794e-02
1.3000000e+01	1.8220297e-02	1.1648679e-02	-5.0636518e-04	1.7967115e-02	-1.8473480e-02
1.4000000e+01	2.0815795e-02	7.0148388e-03	-9.2788795e-03	1.6176356e-02	-2.5455235e-02
1.5000000e+01	2.2295223e-02	1.3826048e-02	-1.8711817e-02	1.2939314e-02	-3.1651132e-02
1.6000000e+01	2.2154018e-02	2.6432084e-02	-2.3911495e-02	1.0198271e-02	-3.4109765e-02
1.7000000e+01	2.0439380e-02	3.6714898e-02	-2.1663748e-02	9.6075057e-03	-3.1271254e-02
1.8000000e+01	1.8416844e-02	3.9699002e-02	-1.4393311e-02	1.1220189e-02	-2.5613500e-02
1.9000000e+01	1.7125356e-02	3.5923392e-02	-6.5459344e-03	1.3852389e-02	-2.0398323e-02
2.0000000e+01	1.7396013e-02	2.8452173e-02	-1.9680477e-03	1.6411989e-02	-1.8380036e-02
2.1000000e+01	1.9093211e-02	2.1955675e-02	-2.9526329e-03	1.7616895e-02	-2.0569528e-02
2.2000000e+01	2.0914646e-02	1.9677658e-02	-7.8463668e-03	1.6991462e-02	-2.4837829e-02
2.3000000e+01	2.1710615e-02	2.1669320e-02	-1.3417947e-02	1.5001641e-02	-2.8419588e-02
2.4000000e+01	2.0858609e-02	2.6220814e-02	-1.7005634e-02	1.2355792e-02	-2.9361426e-02
2.5000000e+01	1.7977791e-02	3.1572826e-02	-1.6760828e-02	9.5973768e-03	-2.6358205e-02
2.6000000e+01	1.6401444e-02	3.2608409e-02	-1.3363445e-02	9.7197219e-03	-2.3083167e-02
2.7000000e+01	1.5571549e-02	3.1025562e-02	-8.5674196e-03	1.1287839e-02	-1.9855259e-02
2.8000000e+01	1.5823000e-02	2.7973935e-02	-4.8281540e-03	1.3408923e-02	-1.8237077e-02
2.9000000e+01	1.6719432e-02	2.5399911e-02	-4.2130712e-03	1.4612897e-02	-1.8825968e-02
3.0000000e+01	1.7546856e-02	2.4380249e-02	-6.1703864e-03	1.4461662e-02	-2.0632049e-02
3.1000000e+01	1.7844085e-02	2.4914628e-02	-9.3743784e-03	1.3156895e-02	-2.2531274e-02
3.2000000e+01	1.7331503e-02	2.6497870e-02	-1.2257233e-02	1.1202886e-02	-2.3460120e-02
3.3000000e+01	1.5868518e-02	2.8586031e-02	-1.3541960e-02	9.0975383e-03	-2.2639499e-02
3.4000000e+01	1.5042586e-02	2.9033712e-02	-1.2092513e-02	8.9963297e-03	-2.1088843e-02
3.5000000e+01	1.4516621e-02	2.8541599e-02	-9.1945195e-03	9.9193614e-03	-1.9113881e-02
3.6000000e+01	1.4597630e-02	2.7149202e-02	-5.3546297e-03	1.1920315e-02	-1.7274945e-02
3.7000000e+01	1.4943062e-02	2.6273153e-02	-4.9327324e-03	1.2476695e-02	-1.7409428e-02
3.8000000e+01	1.5450048e-02	2.5726921e-02	-6.1815624e-03	1.2359267e-02	-1.8540829e-02
3.9000000e+01	1.5770217e-02	2.5687073e-02	-8.3883348e-03	1.1576050e-02	-1.9964385e-02
4.0000000e+01	1.5572347e-02	2.6221913e-02	-1.1122345e-02	1.0011174e-02	-2.1133519e-02
4.1000000e+01	1.5121433e-02	2.6674338e-02	-1.1272418e-02	9.4852245e-03	-2.0757642e-02
4.2000000e+01	1.4453156e-02	2.7059331e-02	-1.0146725e-02	9.3797935e-03	-1.9526518e-02
4.3000000e+01	1.3772326e-02	2.7209023e-02	-7.6132137e-03	9.9657189e-03	-1.7578933e-02
4.4000000e+01	1.3749401e-02	2.6883285e-02	-6.5389191e-03	1.0479942e-02	-1.7018861e-02
4.5000000e+01	1.4093645e-02	2.6314781e-02	-6.1137185e-03	1.1036785e-02	-1.7150504e-02
4.6000000e+01	1.4742083e-02	2.5640909e-02	-6.7047964e-03	1.1389684e-02	-1.8094481e-02
4.7000000e+01	1.4881848e-02	2.5522948e-02	-7.4192393e-03	1.1172228e-02	-1.8591468e-02
4.8000000e+01	1.4741746e-02	2.5692836e-02	-8.2883012e-03	1.0597595e-02	-1.8885896e-02
4.9000000e+01	1.4185110e-02	2.6179962e-02	-9.0836439e-03	9.6432878e-03	-1.8726932e-02
5.0000000e+01	1.3888609e-02	2.6331006e-02	-8.8234564e-03	9.4768809e-03	-1.8300337e-02
5.1000000e+01	1.3673663e-02	2.6334038e-02	-8.0209716e-03	9.6631770e-03	-1.7684149e-02
5.2000000e+01	1.3601573e-02	2.6172167e-02	-6.4566687e-03	1.0373239e-02	-1.6829908e-02
5.3000000e+01	1.3722634e-02	2.5945119e-02	-5.9513594e-03	1.0746955e-02	-1.6698314e-02
5.4000000e+01	1.3944510e-02	2.5701710e-02	-5.9289750e-03	1.0980022e-02	-1.6908997e-02
5.5000000e+01	1.4150337e-02	2.5518906e-02	-6.2849815e-03	1.1007846e-02	-1.7292827e-02
5.6000000e+01	1.4233681e-02	2.5447276e-02	-6.7764839e-03	1.0845439e-02	-1.7621923e-02
5.7000000e+01	1.4123438e-02	2.5523690e-02	-7.3812763e-03	1.0432800e-02	-1.7814077e-02
5.8000000e+01	1.3950085e-02	2.5598311e-02	-7.3348757e-03	1.0282647e-02	-1.7617523e-02
5.9000000e+01	1.3727510e-02	2.5691308e-02	-6.9044349e-03	1.0275292e-02	-1.7179727e-02
6.0000000e+01	1.3571311e-02	2.5737699e-02	-6.2540982e-03	1.0444262e-02	-1.6698360e-02
6.1000000e+01	1.3549736e-02	2.5723075e-02	-5.3930816e-03	1.0853195e-02	-1.6246277e-02
6.2000000e+01	1.3657022e-02	2.5618467e-02	-5.1811834e-03	1.1066430e-02	-1.6247613e-02
6.3000000e+01	1.3836844e-02	2.5481164e-02	-5.2379597e-03	1.1217864e-02	-1.6455824e-02
6.4000000e+01	1.3990758e-02	2.5367399e-02	-5.4702128e-03	1.1255651e-02	-1.6725864e-02
6.5000000e+01	1.4045025e-02	2.5316072e-02	-5.7028213e-03	1.1193614e-02	-1.6896435e-02
6.6000000e+01	1.3993522e-02	2.5326896e-02	-5.8016322e-03	1.1092706e-02	-1.6894338e-02
6.7000000e+01	1.3877411e-02	2.5373781e-02	-5.6927640e-03	1.1031029e-02	-1.6723793e-02
6.8000000e+01	1.3769107e-02	2.5414632e-02	-5.4039446e-03	1.1067135e-02	-1.6471079e-02
6.9000000e+01	1.3722170e-02	2.5422543e-02	-5.0445386e-03	1.1199901e-02	-1.6244439e-02
7.0000000e+01	1.3749594e-02	2.5396304e-02	-4.7046522e-03	1.1397267e-02	-1.6101920e-02
7.1000000e+01	1.3837842e-02	2.5345275e-02	-4.4624798e-03	1.1606602e-02	-1.6069082e-02
7.2000000e+01	1.3948405e-02	2.5286263e-02	-4.3645889e-03	1.1766110e-02	-1.6130699e-02
7.3000000e+01	1.4036916e-02	2.5236190e-02	-4.3892543e-03	1.1842289e-02	-1.6231543e-02
7.4000000e+01	1.4074487e-02	2.5204379e-02	-4.4675978e-03	1.1840688e-02	-1.6308286e-02
7.5000000e+01	1.4055393e-02	2.5191861e-02	-4.5163487e-03	1.1797219e-02	-1.6313568e-02
7.6000000e+01	1.3973689e-02	2.5207247e-02	-4.4385286e-03	1.1754424e-02	-1.6192953e-02
7.7000000e+01	1.3934537e-02	2.5199791e-02	-4.3136858e-03	1.1777694e-02	-1.6091380e-02
7.8000000e+01	1.3913339e-02	2.5192082e-02	-4.1125810e-03	1.1857048e-02	-1.5969629e-02
7.9000000e+01	1.3919586e-02	2.5183788e-02	-3.8659177e-03	1.1986627e-02	-1.5852545e-02
8.0000000e+01	1.3977325e-02	2.5179106e-02	-3.5105190e-03	1.2222065e-02	-1.5732584e-02
8.1000000e+01	1.4014680e-02	2.5155796e-02	-3.4440537e-03	1.2292653e-02	-1.5736706e-02
8.2000000e+01	1.4049647e-02	2.5128890e-02	-3.4527732e-03	1.2323260e-02	-1.5776034e-02
8.3000000e+01	1.4071583e-02	2.5102779e-02	-3.4877894e-03	1.2327689e-02	-1.5815478e-02
8.4000000e+01	1.4072804e-02	2.5082111e-02	-3.4995461e-03	1.2323031e-02	-1.5822577e-02
8.5000000e+01	1.4055437e-02	2.5069417e-02	-3.4535052e-03	1.2328685e-02	-1.5782190e-02
8.6000000e+01	1.4030311e-02	2.5064028e-02	-3.3406507e-03	1.2359985e-02	-1.5700636e-02
8.7000000e+01	1.4010889e-02	2.5062900e-02	-3.1779411e-03	1.2421919e-02	-1.5599860e-02
8.8000000e+01	1.4007627e-02	2.5061477e-02	-3.0011818e-03	1.2507036e-02	-1.5508217e-02
8.9000000e+01	1.4023114e-02	2.5056580e-02	-2.8443986e-03	1.2600915e-02	-1.5445314e-02
9.0000000e+01	1.4052615e-02	2.5046866e-02	-2.7277787e-03	1.2688726e-02	-1.5416505e-02
9.1000000e+01	1.4087366e-02	2.5032943e-02	-2.6529424e-03	1.2760895e-02	-1.5413837e-02
9.2000000e+01	1.4117877e-02	2.5016743e-02	-2.6103452e-03	1.2812705e-02	-1.5423050e-02
9.3000000e+01	1.4137024e-02	2.5000890e-02	-2.5830439e-03	1.2845502e-02	-1.5428546e-02
9.4000000e+01	1.4142566e-02	2.4987608e-02	-2.5521284e-03	1.2866502e-02	-1.5418631e-02
9.5000000e+01	1.4137344e-02	2.4978139e-02	-2.5023578e-03	1.2886165e-02	-1.5388523e-02
9.6000000e+01	1.4128705e-02	2.4972150e-02	-2.4266819e-03	1.2915364e-02	-1.5342046e-02
9.7000000e+01	1.4124361e-02	2.4968599e-02	-2.3294743e-03	1.2959624e-02	-1.5289098e-02
9.8000000e+01	1.4129910e-02	2.4965367e-02	-2.2219250e-03	1.3018948e-02	-1.5240873e-02
9.9000000e+01	1.4146803e-02	2.4960493e-02	-2.1164954e-03	1.3088556e-02	-1.5205051e-02
1.0000000e+02	1.4171582e-02	2.4953395e-02	-2.0247843e-03	1.3159190e-02	-1.5183975e-02
1.0100000e+02	1.4198950e-02	2.4944319e-02	-1.9509595e-03	1.3223470e-02	-1.5174429e-02
1.0200000e+02	1.4222409e-02	2.4934345e-02	-1.8954712e-03	1.3274673e-02	-1.5170144e-02
1.0300000e+02	1.4237427e-02	2.4924961e-02	-1.8525069e-03	1.3311174e-02	-1.5163681e-02
1.0400000e+02	1.4243873e-02	2.4917071e-02	-1.8120445e-03	1.3337850e-02	-1.5149895e-02
1.0500000e+02	1.4245363e-02	2.4910710e-02	-1.7645075e-03	1.3363109e-02	-1.5127616e-02
1.0600000e+02	1.4247076e-02	2.4905335e-02	-1.7042509e-03	1.3394951e-02	-1.5099202e-02
1.0700000e+02	1.4253167e-02	2.4900514e-02	-1.6311150e-03	1.3437609e-02	-1.5068724e-02
1.0800000e+02	1.4265328e-02	2.4896157e-02	-1.5502823e-03	1.3490187e-02	-1.5040469e-02
1.0900000e+02	1.4282407e-02	2.4892140e-02	-1.4701826e-03	1.3547316e-02	-1.5017498e-02
1.1000000e+02	1.4301977e-02	2.4888099e-02	-1.3974072e-03	1.3603274e-02	-1.5000681e-02
1.1100000e+02	1.4321397e-02	2.4883626e-02	-1.3350552e-03	1.3653870e-02	-1.4988925e-02
1.1200000e+02	1.4338693e-02	2.4878390e-02	-1.2828597e-03	1.3697263e-02	-1.4980123e-02
1.1300000e+02	1.4352972e-02	2.4872647e-02	-1.2371543e-03	1.3734395e-02	-1.4971549e-02
1.1400000e+02	1.4364614e-02	2.4866810e-02	-1.1928961e-03	1.3768166e-02	-1.4961062e-02
1.1500000e+02	1.4374934e-02	2.4861312e-02	-1.1456787e-03	1.3802095e-02	-1.4947773e-02
1.1600000e+02	1.4385771e-02	2.4856284e-02	-1.0933439e-03	1.3839099e-02	-1.4932443e-02
1.1700000e+02	1.4398836e-02	2.4851386e-02	-1.0358383e-03	1.3880917e-02	-1.4916755e-02
1.1800000e+02	1.4415113e-02	2.4846059e-02	-9.7499860e-04	1.3927614e-02	-1.4902612e-02
1.1900000e+02	1.4434352e-02	2.4840119e-02	-9.1366280e-04	1.3977521e-02	-1.4891184e-02
1.2000000e+02	1.4455377e-02	2.4833737e-02	-8.5477225e-04	1.4027991e-02	-1.4882763e-02
1.2100000e+02	1.4476393e-02	2.4827520e-02	-8.0005384e-04	1.4076367e-02	-1.4876420e-02
1.2200000e+02	1.4496136e-02	2.4821960e-02	-7.4956280e-04	1.4121355e-02	-1.4870918e-02
1.2300000e+02	1.4514308e-02	2.4816711e-02	-7.0278403e-04	1.4162916e-02	-1.4865700e-02
1.2400000e+02	1.4531558e-02	2.4811072e-02	-6.5824506e-04	1.4202435e-02	-1.4860680e-02
1.2500000e+02	1.4548698e-02	2.4804629e-02	-6.1432728e-04	1.4241535e-02	-1.4855862e-02
1.2600000e+02	1.4566751e-02	2.4797553e-02	-5.6881645e-04	1.4282343e-02	-1.4851159e-02
1.2700000e+02	1.4586673e-02	2.4790103e-02	-5.2031899e-04	1.4326514e-02	-1.4846833e-02
1.2800000e+02	1.4608995e-02	2.4782584e-02	-4.6888962e-04	1.4374550e-02	-1.4843440e-02
1.2900000e+02	1.4633520e-02	2.4775221e-02	-4.1652446e-04	1.4425258e-02	-1.4841782e-02
1.3000000e+02	1.4659054e-02	2.4767984e-02	-3.6719439e-04	1.4475457e-02	-1.4842652e-02
1.3100000e+02	1.4684229e-02	2.4760664e-02	-3.2481156e-04	1.4521823e-02	-1.4846635e-02
1.3200000e+02	1.4708105e-02	2.4753504e-02	-2.9086079e-04	1.4562675e-02	-1.4853536e-02
1.3300000e+02	1.4730510e-02	2.4747189e-02	-2.6393383e-04	1.4598543e-02	-1.4862477e-02
1.3400000e+02	1.4751988e-02	2.4742345e-02	-2.4077243e-04	1.4631602e-02	-1.4872374e-02
1.3500000e+02	1.4773385e-02	2.4739134e-02	-2.1749666e-04	1.4664637e-02	-1.4882133e-02
1.3600000e+02	1.4795737e-02	2.4737037e-02	-1.9086995e-04	1.4700302e-02	-1.4891172e-02
1.3700000e+02	1.4819834e-02	2.4735256e-02	-1.5956542e-04	1.4740052e-02	-1.4899617e-02
1.3800000e+02	1.4846230e-02	2.4733119e-02	-1.2446312e-04	1.4783999e-02	-1.4908462e-02
1.3900000e+02	1.4874939e-02	2.4729808e-02	-8.8790180e-05	1.4830543e-02	-1.4919334e-02
1.4000000e+02	1.4905534e-02	2.4725108e-02	-5.6180904e-05	1.4877444e-02	-1.4933624e-02
1.4100000e+02	1.4937372e-02	2.4719403e-02	-2.8886788e-05	1.4922929e-02	-1.4951815e-02
1.4200000e+02	1.4970569e-02	2.4713821e-02	-5.5256856e-06	1.4967807e-02	-1.4973332e-02
1.4300000e+02	1.5005115e-02	2.4709535e-02	1.6630394e-05	1.5013430e-02	-1.4996799e-02
1.4400000e+02	1.5041231e-02	2.4706889e-02	4.0192667e-05	1.5061328e-02	-1.5021135e-02
1.4500000e+02	1.5078561e-02	2.4705440e-02	6.5849282e-05	1.5111486e-02	-1.5045637e-02
1.4600000e+02	1.5116625e-02	2.4703886e-02	9.2157128e-05	1.5162703e-02	-1.5070546e-02
1.4700000e+02	1.5155414e-02	2.4701591e-02	1.1816575e-04	1.5214497e-02	-1.5096331e-02
1.4800000e+02	1.5195984e-02	2.4698343e-02	1.4393965e-04	1.5267954e-02	-1.5124014e-02
1.4900000e+02	1.5238429e-02	2.4694532e-02	1.6887629e-04	1.5322867e-02	-1.5153991e-02
1.5000000e+02	1.5282608e-02	2.4691122e-02	1.9340506e-04	1.5379311e-02	-1.5185906e-02
1.5100000e+02	1.5298556e-02	2.4685923e-02	1.9517081e-04	1.5396141e-02	-1.5200970e-02
1.5200000e+02	1.5367012e-02	2.4685034e-02	2.3161028e-04	1.5482817e-02	-1.5251207e-02
1.5300000e+02	1.5433915e-02	2.4684694e-02	2.7139038e-04	1.5569610e-02	-1.5298220e-02
1.5400000e+02	1.5451885e-02	2.4680033e-02	2.7605236e-04	1.5589912e-02	-1.5313859e-02
1.5500000e+02	1.5475756e-02	2.4676064e-02	2.8265586e-04	1.5617084e-02	-1.5334428e-02
1.5600000e+02	1.5565055e-02	2.4678521e-02	3.3328878e-04	1.5731700e-02	-1.5398411e-02
1.5700000e+02	1.5593675e-02	2.4675421e-02	3.4447364e-04	1.5765912e-02	-1.5421438e-02
1.5800000e+02	1.5625110e-02	2.4673104e-02	3.5777072e-04	1.5803995e-02	-1.5446225e-02
1.5900000e+02	1.5717924e-02	2.4675218e-02	4.1501909e-04	1.5925433e-02	-1.5510414e-02
1.6000000e+02	1.5741664e-02	2.4673629e-02	4.2623297e-04	1.5954780e-02	-1.5528547e-02
1.6100000e+02	1.5765916e-02	2.4671660e-02	4.3641571e-04	1.5984124e-02	-1.5547709e-02
1.6200000e+02	1.5797123e-02	2.4668484e-02	4.4770683e-04	1.6020977e-02	-1.5573270e-02
1.6300000e+02	1.5887464e-02	2.4664133e-02	4.8793282e-04	1.6131431e-02	-1.5643498e-02
1.6400000e+02	1.5915199e-02	2.4659890e-02	4.9932472e-04	1.6164862e-02	-1.5665537e-02
1.6500000e+02	1.5942041e-02	2.4655927e-02	5.1095071e-04	1.6197516e-02	-1.5686565e-02
1.6600000e+02	1.5973125e-02	2.4652030e-02	5.2435738e-04	1.6235304e-02	-1.5710946e-02
1.6700000e+02	1.6055022e-02	2.4648808e-02	5.6583105e-04	1.6337938e-02	-1.5772107e-02
1.6800000e+02	1.6079413e-02	2.4646317e-02	5.7728130e-04	1.6368054e-02	-1.5790773e-02
1.6900000e+02	1.6101937e-02	2.4645219e-02	5.8781505e-04	1.6395845e-02	-1.5808030e-02
1.7000000e+02	1.6161140e-02	2.4645614e-02	6.1885592e-04	1.6470568e-02	-1.5851712e-02
1.7100000e+02	1.6179309e-02	2.4646452e-02	6.2737843e-04	1.6492998e-02	-1.5865620e-02
1.7200000e+02	1.6198257e-02	2.4647349e-02	6.3584959e-04	1.6516181e-02	-1.5880332e-02
1.7300000e+02	1.6252334e-02	2.4646807e-02	6.6353410e-04	1.6584101e-02	-1.5920567e-02
1.7400000e+02	1.6270094e-02	2.4647914e-02	6.7245572e-04	1.6606322e-02	-1.5933866e-02
1.7500000e+02	1.6322017e-02	2.4649174e-02	7.0558301e-04	1.6674808e-02	-1.5969225e-02
1.7600000e+02	1.6334976e-02	2.4651005e-02	7.1318265e-04	1.6691568e-02	-1.5978385e-02
1.7700000e+02	1.6349036e-02	2.4652679e-02	7.2066839e-04	1.6709371e-02	-1.5988702e-02
1.7800000e+02	1.6399935e-02	2.4654441e-02	7.5494868e-04	1.6777409e-02	-1.6022461e-02
1.7900000e+02	1.6412359e-02	2.4656436e-02	7.6138070e-04	1.6793050e-02	-1.6031669e-02
1.8000000e+02	1.6455064e-02	2.4658611e-02	7.9283277e-04	1.6851480e-02	-1.6058647e-02
1.8100000e+02	1.6462872e-02	2.4662413e-02	7.9766030e-04	1.6861702e-02	-1.6064042e-02
1.8200000e+02	1.6495272e-02	2.4667337e-02	8.2094558e-04	1.6905745e-02	-1.6084799e-02
1.8300000e+02	1.6502319e-02	2.4672906e-02	8.2491200e-04	1.6914775e-02	-1.6089863e-02
1.8400000e+02	1.6535707e-02	2.4679157e-02	8.4448554e-04	1.6957950e-02	-1.6113465e-02
1.8500000e+02	1.6568610e-02	2.4684554e-02	8.6498104e-04	1.7001101e-02	-1.6136120e-02
1.8600000e+02	1.6576559e-02	2.4688071e-02	8.6940017e-04	1.7011259e-02	-1.6141859e-02
1.8700000e+02	1.6612040e-02	2.4691228e-02	8.9257955e-04	1.7058329e-02	-1.6165750e-02
1.8800000e+02	1.6644265e-02	2.4693786e-02	9.1274398e-04	1.7100637e-02	-1.6187893e-02
1.8900000e+02	1.6667989e-02	2.4696274e-02	9.2608486e-04	1.7131032e-02	-1.6204947e-02
1.9000000e+02	1.6673769e-02	2.4698278e-02	9.2698825e-04	1.7137263e-02	-1.6210275e-02
1.9100000e+02	1.6699825e-02	2.4700925e-02	9.3445431e-04	1.7167052e-02	-1.6232598e-02
1.9200000e+02	1.6729366e-02	2.4702837e-02	9.4217278e-04	1.7200452e-02	-1.6258279e-02
1.9300000e+02	1.6756400e-02	2.4705057e-02	9.5064440e-04	1.7231722e-02	-1.6281077e-02
1.9400000e+02	1.6778056e-02	2.4708635e-02	9.5949038e-04	1.7257801e-02	-1.6298311e-02
1.9500000e+02	1.6784124e-02	2.4712697e-02	9.6170706e-04	1.7264978e-02	-1.6303271e-02
1.9600000e+02	1.6813632e-02	2.4716705e-02	9.7351428e-04	1.7300390e-02	-1.6326875e-02
1.9700000e+02	1.6847079e-02	2.4718821e-02	9.8769744e-04	1.7340927e-02	-1.6353230e-02
1.9800000e+02	1.6877980e-02	2.4718848e-02	1.0034592e-03	1.7379709e-02	-1.6376250e-02
1.9900000e+02	1.6902460e-02	2.4718146e-02	1.0177280e-03	1.7411324e-02	-1.6393596e-02
2.0000000e+02	1.6909475e-02	2.4717754e-02	1.0196217e-03	1.7419286e-02	-1.6399664e-02
2.0100000e+02	1.6938253e-02	2.4713806e-02	1.0280761e-03	1.7452291e-02	-1.6424215e-02
2.0200000e+02	1.6969185e-02	2.4709122e-02	1.0373185e-03	1.7487844e-02	-1.6450526e-02
2.0300000e+02	1.6996914e-02	2.4705403e-02	1.0477546e-03	1.7520791e-02	-1.6473037e-02
2.0400000e+02	1.7019729e-02	2.4703175e-02	1.0573481e-03	1.7548403e-02	-1.6491055e-02
2.0500000e+02	1.7039841e-02	2.4701985e-02	1.0639975e-03	1.7571839e-02	-1.6507842e-02
2.0600000e+02	1.7059738e-02	2.4701142e-02	1.0667288e-03	1.7593102e-02	-1.6526373e-02
2.0700000e+02	1.7079623e-02	2.4700353e-02	1.0659607e-03	1.7612603e-02	-1.6546642e-02
2.0800000e+02	1.7098624e-02	2.4699520e-02	1.0637584e-03	1.7630503e-02	-1.6566744e-02
2.0900000e+02	1.7115349e-02	2.4698922e-02	1.0625242e-03	1.7646611e-02	-1.6584087e-02
2.1000000e+02	1.7129466e-02	2.4698748e-02	1.0633382e-03	1.7661135e-02	-1.6597797e-02
2.1100000e+02	1.7141629e-02	2.4699313e-02	1.0663056e-03	1.7674782e-02	-1.6608476e-02
2.1200000e+02	1.7153249e-02	2.4700029e-02	1.0714671e-03	1.7688983e-02	-1.6617515e-02
2.1300000e+02	1.7165017e-02	2.4700709e-02	1.0788753e-03	1.7704455e-02	-1.6625580e-02
2.1400000e+02	1.7177349e-02	2.4700994e-02	1.0885059e-03	1.7721602e-02	-1.6633096e-02
2.1500000e+02	1.7190114e-02	2.4700527e-02	1.0997419e-03	1.7739985e-02	-1.6640243e-02
2.1600000e+02	1.7202715e-02	2.4699384e-02	1.1113231e-03	1.7758376e-02	-1.6647053e-02
2.1700000e+02	1.7214203e-02	2.4698176e-02	1.1220472e-03	1.7775227e-02	-1.6653180e-02
2.1800000e+02	1.7224233e-02	2.4697276e-02	1.1314922e-03	1.7789979e-02	-1.6658487e-02
2.1900000e+02	1.7232787e-02	2.4696822e-02	1.1404975e-03	1.7803036e-02	-1.6662538e-02
2.2000000e+02	1.7240463e-02	2.4696477e-02	1.1501119e-03	1.7815519e-02	-1.6665407e-02
2.2100000e+02	1.7247571e-02	2.4696081e-02	1.1608514e-03	1.7827996e-02	-1.6667145e-02
2.2200000e+02	1.7254145e-02	2.4695639e-02	1.1727632e-03	1.7840526e-02	-1.6667763e-02
2.2300000e+02	1.7259686e-02	2.4695779e-02	1.1857009e-03	1.7852537e-02	-1.6666836e-02
2.2400000e+02	1.7264011e-02	2.4696642e-02	1.1989355e-03	1.7863479e-02	-1.6664543e-02
2.2500000e+02	1.7267237e-02	2.4698329e-02	1.2114460e-03	1.7872960e-02	-1.6661514e-02
2.2600000e+02	1.7269954e-02	2.4700377e-02	1.2230016e-03	1.7881455e-02	-1.6658453e-02
2.2700000e+02	1.7272485e-02	2.4702818e-02	1.2347196e-03	1.7889845e-02	-1.6655126e-02
2.2800000e+02	1.7275474e-02	2.4704819e-02	1.2476249e-03	1.7899287e-02	-1.6651662e-02
2.2900000e+02	1.7279636e-02	2.4705129e-02	1.2621416e-03	1.7910706e-02	-1.6648565e-02
2.3000000e+02	1.7284819e-02	2.4703636e-02	1.2780819e-03	1.7923860e-02	-1.6645778e-02
2.3100000e+02	1.7289837e-02	2.4701871e-02	1.2952655e-03	1.7937470e-02	-1.6642204e-02
2.3200000e+02	1.7294367e-02	2.4700419e-02	1.3136419e-03	1.7951188e-02	-1.6637546e-02
2.3300000e+02	1.7299374e-02	2.4698400e-02	1.3331294e-03	1.7965939e-02	-1.6632810e-02
2.3400000e+02	1.7306125e-02	2.4694400e-02	1.3532556e-03	1.7982753e-02	-1.6629498e-02
2.3500000e+02	1.7314807e-02	2.4688329e-02	1.3737005e-03	1.8001658e-02	-1.6627957e-02
2.3600000e+02	1.7324194e-02	2.4681329e-02	1.3943195e-03	1.8021354e-02	-1.6627034e-02
2.3700000e+02	1.7333472e-02	2.4674309e-02	1.4157784e-03	1.8041361e-02	-1.6625583e-02
2.3800000e+02	1.7342371e-02	2.4667658e-02	1.4386458e-03	1.8061694e-02	-1.6623048e-02
2.3900000e+02	1.7350987e-02	2.4661123e-02	1.4625214e-03	1.8082247e-02	-1.6619726e-02
2.4000000e+02	1.7359623e-02	2.4654589e-02	1.4863847e-03	1.8102815e-02	-1.6616430e-02
2.4100000e+02	1.7368097e-02	2.4648221e-02	1.5092743e-03	1.8122734e-02	-1.6613460e-02
2.4200000e+02	1.7376350e-02	2.4642331e-02	1.5307371e-03	1.8141718e-02	-1.6610981e-02
2.4300000e+02	1.7384554e-02	2.4636517e-02	1.5513660e-03	1.8160237e-02	-1.6608871e-02
2.4400000e+02	1.7393132e-02	2.4630543e-02	1.5707879e-03	1.8178526e-02	-1.6607738e-02
2.4500000e+02	1.7401794e-02	2.4624685e-02	1.5876067e-03	1.8195597e-02	-1.6607991e-02
2.4600000e+02	1.7410556e-02	2.4619062e-02	1.6011836e-03	1.8211148e-02	-1.6609965e-02
2.4700000e+02	1.7418900e-02	2.4614101e-02	1.6123432e-03	1.8225072e-02	-1.6612728e-02
2.4800000e+02	1.7427053e-02	2.4609695e-02	1.6221995e-03	1.8238153e-02	-1.6615953e-02
2.4900000e+02	1.7434834e-02	2.4605942e-02	1.6314682e-03	1.8250568e-02	-1.6619100e-02
2.5000000e+02	1.7442299e-02	2.4602990e-02	1.6392873e-03	1.8261943e-02	-1.6622655e-02
2.5100000e+02	1.7449187e-02	2.4600987e-02	1.6441845e-03	1.8271279e-02	-1.6627095e-02
2.5200000e+02	1.7455622e-02	2.4599730e-02	1.6451422e-03	1.8278193e-02	-1.6633051e-02
2.5300000e+02	1.7461484e-02	2.4598910e-02	1.6426730e-03	1.8282820e-02	-1.6640147e-02
2.5400000e+02	1.7466735e-02	2.4598660e-02	1.6385230e-03	1.8285996e-02	-1.6647473e-02
2.5500000e+02	1.7471242e-02	2.4599105e-02	1.6344427e-03	1.8288464e-02	-1.6654021e-02
2.5600000e+02	1.7475586e-02	2.4600056e-02	1.6314348e-03	1.8291303e-02	-1.6659869e-02
2.5700000e+02	1.7479996e-02	2.4601503e-02	1.6295941e-03	1.8294793e-02	-1.6665199e-02
2.5800000e+02	1.7484981e-02	2.4603360e-02	1.6289120e-03	1.8299437e-02	-1.6670525e-02
2.5900000e+02	1.7490483e-02	2.4605655e-02	1.6293988e-03	1.8305183e-02	-1.6675784e-02
2.6000000e+02	1.7496356e-02	2.4608487e-02	1.6306686e-03	1.8311690e-02	-1.6681021e-02
2.6100000e+02	1.7502195e-02	2.4611744e-02	1.6324109e-03	1.8318400e-02	-1.6685990e-02
2.6200000e+02	1.7507713e-02	2.4615568e-02	1.6342169e-03	1.8324822e-02	-1.6690605e-02
2.6300000e+02	1.7512426e-02	2.4620237e-02	1.6356070e-03	1.8330229e-02	-1.6694622e-02
2.6400000e+02	1.7516554e-02	2.4625835e-02	1.6360990e-03	1.8334604e-02	-1.6698505e-02
2.6500000e+02	1.7520579e-02	2.4632041e-02	1.6351349e-03	1.8338147e-02	-1.6703012e-02
2.6600000e+02	1.7525347e-02	2.4638491e-02	1.6326561e-03	1.8341675e-02	-1.6709019e-02
2.6700000e+02	1.7530755e-02	2.4645464e-02	1.6287647e-03	1.8345137e-02	-1.6716373e-02
2.6800000e+02	1.7536077e-02	2.4653664e-02	1.6238232e-03	1.8347988e-02	-1.6724165e-02
2.6900000e+02	1.7540676e-02	2.4663523e-02	1.6183698e-03	1.8349861e-02	-1.6731491e-02
2.7000000e+02	1.7545034e-02	2.4674554e-02	1.6125752e-03	1.8351322e-02	-1.6738746e-02
2.7100000e+02	1.7549860e-02	2.4685939e-02	1.6073469e-03	1.8353533e-02	-1.6746186e-02
2.7200000e+02	1.7555544e-02	2.4697472e-02	1.6034310e-03	1.8357259e-02	-1.6753828e-02
2.7300000e+02	1.7563145e-02	2.4708284e-02	1.6016656e-03	1.8363978e-02	-1.6762312e-02
2.7400000e+02	1.7573906e-02	2.4717477e-02	1.6026811e-03	1.8375247e-02	-1.6772566e-02
2.7500000e+02	1.7588448e-02	2.4724303e-02	1.6066993e-03	1.8391797e-02	-1.6785098e-02
2.7600000e+02	1.7606415e-02	2.4728825e-02	1.6126055e-03	1.8412717e-02	-1.6800112e-02
2.7700000e+02	1.7627038e-02	2.4731224e-02	1.6188254e-03	1.8436451e-02	-1.6817626e-02
2.7800000e+02	1.7649954e-02	2.4731616e-02	1.6240781e-03	1.8461993e-02	-1.6837915e-02
2.7900000e+02	1.7673969e-02	2.4730877e-02	1.6271737e-03	1.8487555e-02	-1.6860382e-02
2.8000000e+02	1.7698428e-02	2.4729554e-02	1.6279551e-03	1.8512405e-02	-1.6884450e-02
2.8100000e+02	1.7723570e-02	2.4727471e-02	1.6268475e-03	1.8536993e-02	-1.6910146e-02
2.8200000e+02	1.7750086e-02	2.4724413e-02	1.6234229e-03	1.8561797e-02	-1.6938374e-02
2.8300000e+02	1.7778498e-02	2.4720070e-02	1.6167507e-03	1.8586874e-02	-1.6970123e-02
2.8400000e+02	1.7808404e-02	2.4714825e-02	1.6060806e-03	1.8611444e-02	-1.7005363e-02
2.8500000e+02	1.7838776e-02	2.4708870e-02	1.5917924e-03	1.8634672e-02	-1.7042880e-02
2.8600000e+02	1.7868111e-02	2.4702841e-02	1.5751016e-03	1.8655662e-02	-1.7080560e-02
2.8700000e+02	1.7895412e-02	2.4697197e-02	1.5575632e-03	1.8674193e-02	-1.7116630e-02
2.8800000e+02	1.7920642e-02	2.4692218e-02	1.5402673e-03	1.8690776e-02	-1.7150509e-02
2.8900000e+02	1.7944599e-02	2.4687738e-02	1.5234665e-03	1.8706333e-02	-1.7182866e-02
2.9000000e+02	1.7968245e-02	2.4683545e-02	1.5067720e-03	1.8721631e-02	-1.7214859e-02
2.9100000e+02	1.7992384e-02	2.4679453e-02	1.4898423e-03	1.8737305e-02	-1.7247463e-02
2.9200000e+02	1.8016962e-02	2.4675739e-02	1.4725150e-03	1.8753220e-02	-1.7280705e-02
2.9300000e+02	1.8041154e-02	2.4672834e-02	1.4550581e-03	1.8768683e-02	-1.7313625e-02
2.9400000e+02	1.8064126e-02	2.4671354e-02	1.4377558e-03	1.8783004e-02	-1.7345248e-02
2.9500000e+02	1.8085227e-02	2.4671529e-02	1.4210088e-03	1.8795731e-02	-1.7374723e-02
2.9600000e+02	1.8104299e-02	2.4673258e-02	1.4047606e-03	1.8806679e-02	-1.7401918e-02
2.9700000e+02	1.8121957e-02	2.4675590e-02	1.3893565e-03	1.8816635e-02	-1.7427278e-02
2.9800000e+02	1.8138416e-02	2.4678035e-02	1.3749428e-03	1.8825888e-02	-1.7450945e-02
2.9900000e+02	1.8153297e-02	2.4680631e-02	1.3617795e-03	1.8834187e-02	-1.7472408e-02
3.0000000e+02	1.8166602e-02	2.4683368e-02	1.3500591e-03	1.8841631e-02	-1.7491572e-02
3.0100000e+02	1.8178069e-02	2.4686549e-02	1.3393240e-03	1.8847731e-02	-1.7508407e-02
3.0200000e+02	1.8187658e-02	2.4690737e-02	1.3289370e-03	1.8852126e-02	-1.7523189e-02
3.0300000e+02	1.8196231e-02	2.4695756e-02	1.3186713e-03	1.8855566e-02	-1.7536895e-02
3.0400000e+02	1.8204574e-02	2.4701553e-02	1.3075072e-03	1.8858327e-02	-1.7550820e-02
3.0500000e+02	1.8213169e-02	2.4708101e-02	1.2951277e-03	1.8860733e-02	-1.7565605e-02
3.0600000e+02	1.8222562e-02	2.4715137e-02	1.2843158e-03	1.8864720e-02	-1.7580405e-02
3.0700000e+02	1.8233482e-02	2.4721615e-02	1.2783175e-03	1.8872641e-02	-1.7594324e-02
3.0800000e+02	1.8246154e-02	2.4726803e-02	1.2785645e-03	1.8885437e-02	-1.7606872e-02
3.0900000e+02	1.8259943e-02	2.4731012e-02	1.2844264e-03	1.8902156e-02	-1.7617729e-02
3.1000000e+02	1.8275041e-02	2.4733808e-02	1.2943147e-03	1.8922198e-02	-1.7627883e-02
3.1100000e+02	1.8292435e-02	2.4734240e-02	1.3067275e-03	1.8945798e-02	-1.7639071e-02
3.1200000e+02	1.8312791e-02	2.4731376e-02	1.3203609e-03	1.8972971e-02	-1.7652610e-02
3.1300000e+02	1.8335997e-02	2.4725207e-02	1.3341405e-03	1.9003067e-02	-1.7668926e-02
3.1400000e+02	1.8361218e-02	2.4716830e-02	1.3464398e-03	1.9034438e-02	-1.7687998e-02
3.1500000e+02	1.8387573e-02	2.4707470e-02	1.3557086e-03	1.9065428e-02	-1.7709719e-02
3.1600000e+02	1.8414151e-02	2.4698206e-02	1.3594978e-03	1.9093900e-02	-1.7734402e-02
3.1700000e+02	1.8440024e-02	2.4689895e-02	1.3549135e-03	1.9117481e-02	-1.7762567e-02
3.1800000e+02	1.8464370e-02	2.4683095e-02	1.3408361e-03	1.9134788e-02	-1.7793952e-02
3.1900000e+02	1.8485995e-02	2.4677920e-02	1.3201580e-03	1.9146074e-02	-1.7825916e-02
3.2000000e+02	1.8503580e-02	2.4674880e-02	1.2984069e-03	1.9152784e-02	-1.7854377e-02
3.2100000e+02	1.8517357e-02	2.4674181e-02	1.2794117e-03	1.9157063e-02	-1.7877651e-02
3.2200000e+02	1.8529344e-02	2.4674570e-02	1.2651302e-03	1.9161909e-02	-1.7896779e-02
3.2300000e+02	1.8541934e-02	2.4674639e-02	1.2558947e-03	1.9169881e-02	-1.7913987e-02
3.2400000e+02	1.8557166e-02	2.4673419e-02	1.2504730e-03	1.9182402e-02	-1.7931929e-02
3.2500000e+02	1.8575771e-02	2.4670734e-02	1.2462930e-03	1.9198918e-02	-1.7952625e-02
3.2600000e+02	1.8596748e-02	2.4667359e-02	1.2404534e-03	1.9216975e-02	-1.7976522e-02
3.2700000e+02	1.8618306e-02	2.4664427e-02	1.2305965e-03	1.9233604e-02	-1.8003007e-02
3.2800000e+02	1.8638768e-02	2.4662770e-02	1.2155585e-03	1.9246547e-02	-1.8030989e-02
3.2900000e+02	1.8657048e-02	2.4662561e-02	1.1949679e-03	1.9254532e-02	-1.8059564e-02
3.3000000e+02	1.8672597e-02	2.4663815e-02	1.1695726e-03	1.9257384e-02	-1.8087811e-02
3.3100000e+02	1.8685361e-02	2.4666084e-02	1.1409867e-03	1.9255855e-02	-1.8114868e-02
3.3200000e+02	1.8695894e-02	2.4668335e-02	1.1121864e-03	1.9251987e-02	-1.8139801e-02
3.3300000e+02	1.8704966e-02	2.4670055e-02	1.0863359e-03	1.9248134e-02	-1.8161799e-02
3.3400000e+02	1.8713588e-02	2.4671014e-02	1.0649564e-03	1.9246066e-02	-1.8181110e-02
3.3500000e+02	1.8722573e-02	2.4671516e-02	1.0477749e-03	1.9246460e-02	-1.8198685e-02
3.3600000e+02	1.8732667e-02	2.4671873e-02	1.0335645e-03	1.9249449e-02	-1.8215884e-02
3.3700000e+02	1.8744529e-02	2.4672051e-02	1.0211531e-03	1.9255105e-02	-1.8233952e-02
3.3800000e+02	1.8758047e-02	2.4672140e-02	1.0100409e-03	1.9263068e-02	-1.8253027e-02
3.3900000e+02	1.8772398e-02	2.4672419e-02	9.9979034e-04	1.9272294e-02	-1.8272503e-02
3.4000000e+02	1.8786402e-02	2.4673183e-02	9.8999708e-04	1.9281400e-02	-1.8291403e-02
3.4100000e+02	1.8798901e-02	2.4675027e-02	9.7969503e-04	1.9288748e-02	-1.8309053e-02
3.4200000e+02	1.8809017e-02	2.4678426e-02	9.6819191e-04	1.9293113e-02	-1.8324921e-02
3.4300000e+02	1.8816778e-02	2.4683101e-02	9.5527130e-04	1.9294414e-02	-1.8339143e-02
3.4400000e+02	1.8822895e-02	2.4688425e-02	9.4086612e-04	1.9293328e-02	-1.8352462e-02
3.4500000e+02	1.8828485e-02	2.4693988e-02	9.2463676e-04	1.9290803e-02	-1.8366167e-02
3.4600000e+02	1.8834301e-02	2.4699710e-02	9.0614347e-04	1.9287373e-02	-1.8381229e-02
3.4700000e+02	1.8840414e-02	2.4705775e-02	8.8594988e-04	1.9283389e-02	-1.8397439e-02
3.4800000e+02	1.8846743e-02	2.4712127e-02	8.6594660e-04	1.9279716e-02	-1.8413770e-02
3.4900000e+02	1.8853079e-02	2.4718814e-02	8.4798713e-04	1.9277073e-02	-1.8429086e-02
3.5000000e+02	1.8859683e-02	2.4725500e-02	8.3323635e-04	1.9276301e-02	-1.8443065e-02
3.5100000e+02	1.8867016e-02	2.4731728e-02	8.2231009e-04	1.9278171e-02	-1.8455861e-02
3.5200000e+02	1.8875520e-02	2.4736915e-02	8.1535790e-04	1.9283198e-02	-1.8467841e-02
3.5300000e+02	1.8885469e-02	2.4740647e-02	8.1180996e-04	1.9291374e-02	-1.8479564e-02
3.5400000e+02	1.8897195e-02	2.4742493e-02	8.1061257e-04	1.9302501e-02	-1.8491889e-02
3.5500000e+02	1.8910951e-02	2.4742517e-02	8.1050394e-04	1.9316203e-02	-1.8505699e-02
3.5600000e+02	1.8926492e-02	2.4741319e-02	8.0986340e-04	1.9331424e-02	-1.8521560e-02
3.5700000e+02	1.8943154e-02	2.4739660e-02	8.0699790e-04	1.9346653e-02	-1.8539655e-02
3.5800000e+02	1.8960820e-02	2.4738259e-02	8.0038938e-04	1.9361015e-02	-1.8560625e-02
3.5900000e+02	1.8978889e-02	2.4736913e-02	7.8948812e-04	1.9373634e-02	-1.8584145e-02
3.6000000e+02	1.8995876e-02	2.4736578e-02	7.7544474e-04	1.9383599e-02	-1.8608154e-02
3.6100000e+02	1.9011270e-02	2.4737395e-02	7.6054713e-04	1.9391543e-02	-1.8630996e-02
3.6200000e+02	1.9025342e-02	2.4738879e-02	7.4614614e-04	1.9398415e-02	-1.8652269e-02
3.6300000e+02	1.9039024e-02	2.4740312e-02	7.3249472e-04	1.9405272e-02	-1.8672777e-02
3.6400000e+02	1.9052637e-02	2.4741578e-02	7.1897505e-04	1.9412125e-02	-1.8693150e-02
3.6500000e+02	1.9066109e-02	2.4743007e-02	7.0542308e-04	1.9418820e-02	-1.8713397e-02
3.6600000e+02	1.9079211e-02	2.4744943e-02	6.9204977e-04	1.9425236e-02	-1.8733186e-02
3.6700000e+02	1.9091938e-02	2.4747346e-02	6.7969876e-04	1.9431788e-02	-1.8752089e-02
3.6800000e+02	1.9104274e-02	2.4749934e-02	6.6854096e-04	1.9438545e-02	-1.8770004e-02
3.6900000e+02	1.9116894e-02	2.4752060e-02	6.5802305e-04	1.9445906e-02	-1.8787883e-02
3.7000000e+02	1.9130112e-02	2.4753239e-02	6.4766605e-04	1.9453945e-02	-1.8806279e-02
3.7100000e+02	1.9144131e-02	2.4752875e-02	6.3713729e-04	1.9462700e-02	-1.8825562e-02
3.7200000e+02	1.9157993e-02	2.4751089e-02	6.2553301e-04	1.9470759e-02	-1.8845226e-02
3.7300000e+02	1.9170679e-02	2.4748485e-02	6.1184823e-04	1.9476603e-02	-1.8864755e-02
3.7400000e+02	1.9180655e-02	2.4746131e-02	5.9554524e-04	1.9478427e-02	-1.8882882e-02
3.7500000e+02	1.9187289e-02	2.4744881e-02	5.7706281e-04	1.9475821e-02	-1.8898758e-02
3.7600000e+02	1.9190547e-02	2.4744978e-02	5.5768770e-04	1.9469391e-02	-1.8911703e-02
3.7700000e+02	1.9191453e-02	2.4746257e-02	5.3907791e-04	1.9460992e-02	-1.8921914e-02
3.7800000e+02	1.9191075e-02	2.4748327e-02	5.2315027e-04	1.9452650e-02	-1.8929500e-02
3.7900000e+02	1.9190471e-02	2.4751031e-02	5.1086783e-04	1.9445905e-02	-1.8935037e-02
3.8000000e+02	1.9190255e-02	2.4753887e-02	5.0262177e-04	1.9441566e-02	-1.8938944e-02
3.8100000e+02	1.9191316e-02	2.4756211e-02	4.9773205e-04	1.9440182e-02	-1.8942450e-02
3.8200000e+02	1.9193296e-02	2.4757973e-02	4.9550004e-04	1.9441046e-02	-1.8945546e-02
3.8300000e+02	1.9195767e-02	2.4759387e-02	4.9458216e-04	1.9443058e-02	-1.8948476e-02
3.8400000e+02	1.9197831e-02	2.4760868e-02	4.9410964e-04	1.9444886e-02	-1.8950777e-02
3.8500000e+02	1.9199683e-02	2.4762566e-02	4.9409920e-04	1.9446733e-02	-1.8952634e-02
3.8600000e+02	1.9201237e-02	2.4764444e-02	4.9506860e-04	1.9448771e-02	-1.8953703e-02
3.8700000e+02	1.9202990e-02	2.4765994e-02	4.9695763e-04	1.9451469e-02	-1.8954511e-02
3.8800000e+02	1.9204794e-02	2.4766955e-02	4.9980787e-04	1.9454698e-02	-1.8954890e-02
3.8900000e+02	1.9207317e-02	2.4766951e-02	5.0394149e-04	1.9459288e-02	-1.8955347e-02
3.9000000e+02	1.9210284e-02	2.4766109e-02	5.0983386e-04	1.9465201e-02	-1.8955367e-02
3.9100000e+02	1.9213605e-02	2.4765070e-02	5.1764604e-04	1.9472428e-02	-1.8954782e-02
3.9200000e+02	1.9216939e-02	2.4763890e-02	5.2723848e-04	1.9480558e-02	-1.8953319e-02
3.9300000e+02	1.9220929e-02	2.4761715e-02	5.3815041e-04	1.9490004e-02	-1.8951854e-02
3.9400000e+02	1.9225567e-02	2.4757929e-02	5.4930584e-04	1.9500220e-02	-1.8950914e-02
3.9500000e+02	1.9230551e-02	2.4752789e-02	5.5914605e-04	1.9510125e-02	-1.8950978e-02
3.9600000e+02	1.9234873e-02	2.4746989e-02	5.6578580e-04	1.9517766e-02	-1.8951980e-02
3.9700000e+02	1.9237859e-02	2.4741543e-02	5.6801393e-04	1.9521866e-02	-1.8953852e-02
3.9800000e+02	1.9238811e-02	2.4736945e-02	5.6535884e-04	1.9521490e-02	-1.8956131e-02
3.9900000e+02	1.9237642e-02	2.4733755e-02	5.5858460e-04	1.9516934e-02	-1.8958350e-02
4.0000000e+02	1.9233514e-02	2.4732584e-02	5.4951948e-04	1.9508274e-02	-1.8958755e-02
4.0100000e+02	1.9226793e-02	2.4733389e-02	5.3981952e-04	1.9496703e-02	-1.8956883e-02
4.0200000e+02	1.9218402e-02	2.4735384e-02	5.3102877e-04	1.9483916e-02	-1.8952888e-02
4.0300000e+02	1.9210302e-02	2.4737139e-02	5.2366964e-04	1.9472136e-02	-1.8948467e-02
4.0400000e+02	1.9203407e-02	2.4737772e-02	5.1843465e-04	1.9462625e-02	-1.8944190e-02
4.0500000e+02	1.9198347e-02	2.4737355e-02	5.1437069e-04	1.9455532e-02	-1.8941162e-02
4.0600000e+02	1.9194647e-02	2.4736422e-02	5.1051560e-04	1.9449905e-02	-1.8939389e-02
4.0700000e+02	1.9192146e-02	2.4735824e-02	5.0557243e-04	1.9444932e-02	-1.8939360e-02
4.0800000e+02	1.9190446e-02	2.4735280e-02	4.9916959e-04	1.9440031e-02	-1.8940861e-02
4.0900000e+02	1.9189585e-02	2.4734587e-02	4.9136559e-04	1.9435268e-02	-1.8943902e-02
4.1000000e+02	1.9189300e-02	2.4733550e-02	4.8276033e-04	1.9430680e-02	-1.8947920e-02
4.1100000e+02	1.9189771e-02	2.4732418e-02	4.7372591e-04	1.9426634e-02	-1.8952908e-02
4.1200000e+02	1.9190131e-02	2.4731499e-02	4.6482347e-04	1.9422543e-02	-1.8957719e-02
4.1300000e+02	1.9190307e-02	2.4731039e-02	4.5684580e-04	1.9418730e-02	-1.8961884e-02
4.1400000e+02	1.9189830e-02	2.4731188e-02	4.5078704e-04	1.9415224e-02	-1.8964436e-02
4.1500000e+02	1.9189285e-02	2.4732006e-02	4.4730118e-04	1.9412935e-02	-1.8965634e-02
4.1600000e+02	1.9188702e-02	2.4732845e-02	4.4721014e-04	1.9412307e-02	-1.8965097e-02
4.1700000e+02	1.9188615e-02	2.4733127e-02	4.5071284e-04	1.9413972e-02	-1.8963259e-02
4.1800000e+02	1.9189010e-02	2.4732666e-02	4.5753022e-04	1.9417775e-02	-1.8960245e-02
4.1900000e+02	1.9189971e-02	2.4731914e-02	4.6699265e-04	1.9423467e-02	-1.8956474e-02
4.2000000e+02	1.9190777e-02	2.4731232e-02	4.7803434e-04	1.9429794e-02	-1.8951760e-02
4.2100000e+02	1.9191670e-02	2.4730833e-02	4.8947507e-04	1.9436408e-02	-1.8946933e-02
4.2200000e+02	1.9192171e-02	2.4730717e-02	5.0064009e-04	1.9442491e-02	-1.8941851e-02
4.2300000e+02	1.9192508e-02	2.4731031e-02	5.1124125e-04	1.9448128e-02	-1.8936887e-02
4.2400000e+02	1.9192142e-02	2.4731950e-02	5.2133340e-04	1.9452809e-02	-1.8931475e-02
4.2500000e+02	1.9191440e-02	2.4733587e-02	5.3059583e-04	1.9456738e-02	-1.8926142e-02
4.2600000e+02	1.9190269e-02	2.4735829e-02	5.3881530e-04	1.9459676e-02	-1.8920861e-02
4.2700000e+02	1.9189271e-02	2.4738402e-02	5.4583827e-04	1.9462190e-02	-1.8916352e-02
4.2800000e+02	1.9188513e-02	2.4740882e-02	5.5191021e-04	1.9464468e-02	-1.8912558e-02
4.2900000e+02	1.9188752e-02	2.4743105e-02	5.5704249e-04	1.9467273e-02	-1.8910231e-02
4.3000000e+02	1.9190107e-02	2.4744425e-02	5.6183844e-04	1.9471026e-02	-1.8909188e-02
4.3100000e+02	1.9193116e-02	2.4744697e-02	5.6630241e-04	1.9476267e-02	-1.8909965e-02
4.3200000e+02	1.9197241e-02	2.4743990e-02	5.7021266e-04	1.9482348e-02	-1.8912135e-02
4.3300000e+02	1.9202705e-02	2.4742632e-02	5.7273240e-04	1.9489071e-02	-1.8916339e-02
4.3400000e+02	1.9208842e-02	2.4740972e-02	5.7355927e-04	1.9495622e-02	-1.8922062e-02
4.3500000e+02	1.9215835e-02	2.4739432e-02	5.7223560e-04	1.9501953e-02	-1.8929717e-02
4.3600000e+02	1.9223317e-02	2.4738212e-02	5.6855363e-04	1.9507593e-02	-1.8939040e-02
4.3700000e+02	1.9231362e-02	2.4737718e-02	5.6196426e-04	1.9512344e-02	-1.8950380e-02
4.3800000e+02	1.9239179e-02	2.4738122e-02	5.5255756e-04	1.9515458e-02	-1.8962900e-02
4.3900000e+02	1.9246397e-02	2.4739594e-02	5.4075629e-04	1.9516775e-02	-1.8976019e-02
4.4000000e+02	1.9252284e-02	2.4742093e-02	5.2738669e-04	1.9515977e-02	-1.8988591e-02
4.4100000e+02	1.9257559e-02	2.4745390e-02	5.1315220e-04	1.9514136e-02	-1.9000983e-02
4.4200000e+02	1.9262419e-02	2.4748890e-02	4.9915929e-04	1.9511999e-02	-1.9012839e-02
4.4300000e+02	1.9267470e-02	2.4752235e-02	4.8682754e-04	1.9510884e-02	-1.9024056e-02
4.4400000e+02	1.9272573e-02	2.4755147e-02	4.7772187e-04	1.9511434e-02	-1.9033712e-02
4.4500000e+02	1.9278441e-02	2.4757456e-02	4.7255215e-04	1.9514717e-02	-1.9042165e-02
4.4600000e+02	1.9284670e-02	2.4759099e-02	4.7085375e-04	1.9520097e-02	-1.9049243e-02
4.4700000e+02	1.9291696e-02	2.4760174e-02	4.7142915e-04	1.9527411e-02	-1.9055982e-02
4.4800000e+02	1.9298930e-02	2.4760950e-02	4.7329736e-04	1.9535579e-02	-1.9062282e-02
4.4900000e+02	1.9306164e-02	2.4761913e-02	4.7569252e-04	1.9544010e-02	-1.9068318e-02
4.5000000e+02	1.9312691e-02	2.4762886e-02	4.7904511e-04	1.9552213e-02	-1.9073168e-02
4.5100000e+02	1.9318386e-02	2.4763725e-02	4.8360018e-04	1.9560186e-02	-1.9076586e-02
4.5200000e+02	1.9322925e-02	2.4763949e-02	4.8991360e-04	1.9567881e-02	-1.9077968e-02
4.5300000e+02	1.9326791e-02	2.4763397e-02	4.9847050e-04	1.9576026e-02	-1.9077555e-02
4.5400000e+02	1.9329843e-02	2.4761768e-02	5.1023516e-04	1.9584960e-02	-1.9074725e-02
4.5500000e+02	1.9332330e-02	2.4759102e-02	5.2583676e-04	1.9595249e-02	-1.9069412e-02
4.5600000e+02	1.9334138e-02	2.4755681e-02	5.4601073e-04	1.9607144e-02	-1.9061133e-02
4.5700000e+02	1.9335904e-02	2.4751846e-02	5.7025757e-04	1.9621033e-02	-1.9050775e-02
4.5800000e+02	1.9337488e-02	2.4747802e-02	5.9800117e-04	1.9636489e-02	-1.9038488e-02
4.5900000e+02	1.9339390e-02	2.4743702e-02	6.2836508e-04	1.9653572e-02	-1.9025207e-02
4.6000000e+02	1.9341471e-02	2.4739600e-02	6.6041051e-04	1.9671676e-02	-1.9011266e-02
4.6100000e+02	1.9343754e-02	2.4735924e-02	6.9303167e-04	1.9690269e-02	-1.8997238e-02
4.6200000e+02	1.9345413e-02	2.4732928e-02	7.2526319e-04	1.9708044e-02	-1.8982781e-02
4.6300000e+02	1.9346480e-02	2.4730593e-02	7.5611228e-04	1.9724536e-02	-1.8968424e-02
4.6400000e+02	1.9346770e-02	2.4728776e-02	7.8497737e-04	1.9739259e-02	-1.8954282e-02
4.6500000e+02	1.9346991e-02	2.4727561e-02	8.1120570e-04	1.9752594e-02	-1.8941388e-02
4.6600000e+02	1.9347157e-02	2.4726776e-02	8.3468525e-04	1.9764499e-02	-1.8929814e-02
4.6700000e+02	1.9347851e-02	2.4726320e-02	8.5507203e-04	1.9775387e-02	-1.8920315e-02
4.6800000e+02	1.9349240e-02	2.4726137e-02	8.7248764e-04	1.9785484e-02	-1.8912996e-02
4.6900000e+02	1.9352088e-02	2.4726116e-02	8.8675992e-04	1.9795468e-02	-1.8908708e-02
4.7000000e+02	1.9355849e-02	2.4726398e-02	8.9820847e-04	1.9804953e-02	-1.8906744e-02
4.7100000e+02	1.9360530e-02	2.4727252e-02	9.0656703e-04	1.9813814e-02	-1.8907247e-02
4.7200000e+02	1.9365977e-02	2.4728301e-02	9.1186212e-04	1.9821908e-02	-1.8910046e-02
4.7300000e+02	1.9372498e-02	2.4729140e-02	9.1427674e-04	1.9829637e-02	-1.8915360e-02
4.7400000e+02	1.9379692e-02	2.4729606e-02	9.1489606e-04	1.9837140e-02	-1.8922244e-02
4.7500000e+02	1.9387740e-02	2.4729919e-02	9.1434451e-04	1.9844913e-02	-1.8930568e-02
4.7600000e+02	1.9396434e-02	2.4729826e-02	9.1346543e-04	1.9853167e-02	-1.8939701e-02
4.7700000e+02	1.9406467e-02	2.4729310e-02	9.1258309e-04	1.9862758e-02	-1.8950175e-02
4.7800000e+02	1.9417684e-02	2.4728159e-02	9.1210569e-04	1.9873736e-02	-1.8961631e-02
4.7900000e+02	1.9430035e-02	2.4726453e-02	9.1183153e-04	1.9885951e-02	-1.8974119e-02
4.8000000e+02	1.9442960e-02	2.4724223e-02	9.1169288e-04	1.9898807e-02	-1.8987114e-02
4.8100000e+02	1.9455834e-02	2.4722194e-02	9.1125148e-04	1.9911460e-02	-1.9000208e-02
4.8200000e+02	1.9468000e-02	2.4720361e-02	9.1096979e-04	1.9923485e-02	-1.9012515e-02
4.8300000e+02	1.9479508e-02	2.4718890e-02	9.1170521e-04	1.9935361e-02	-1.9023655e-02
4.8400000e+02	1.9490293e-02	2.4717647e-02	9.1392933e-04	1.9947257e-02	-1.9033328e-02
4.8500000e+02	1.9500908e-02	2.4716871e-02	9.1695189e-04	1.9959384e-02	-1.9042432e-02
4.8600000e+02	1.9511364e-02	2.4716280e-02	9.1992363e-04	1.9971326e-02	-1.9051402e-02
4.8700000e+02	1.9522093e-02	2.4715752e-02	9.2150132e-04	1.9982844e-02	-1.9061342e-02
4.8800000e+02	1.9532736e-02	2.4715030e-02	9.2048720e-04	1.9992980e-02	-1.9072492e-02
4.8900000e+02	1.9542938e-02	2.4714574e-02	9.1597384e-04	2.0000925e-02	-1.9084951e-02
4.9000000e+02	1.9551904e-02	2.4714332e-02	9.0797042e-04	2.0005890e-02	-1.9097919e-02
4.9100000e+02	1.9559578e-02	2.4714268e-02	8.9656964e-04	2.0007863e-02	-1.9111293e-02
4.9200000e+02	1.9566000e-02	2.4714096e-02	8.8199686e-04	2.0006999e-02	-1.9125002e-02
4.9300000e+02	1.9571439e-02	2.4714085e-02	8.6423216e-04	2.0003555e-02	-1.9139323e-02
4.9400000e+02	1.9575667e-02	2.4713975e-02	8.4426903e-04	1.9997802e-02	-1.9153533e-02
4.9500000e+02	1.9578624e-02	2.4714012e-02	8.2377396e-04	1.9990511e-02	-1.9166737e-02
4.9600000e+02	1.9580456e-02	2.4713904e-02	8.0464037e-04	1.9982776e-02	-1.9178136e-02
4.9700000e+02	1.9581725e-02	2.4713939e-02	7.8760136e-04	1.9975526e-02	-1.9187924e-02
4.9800000e+02	1.9582202e-02	2.4713924e-02	7.7318995e-04	1.9968797e-02	-1.9195607e-02
4.9900000e+02	1.9581921e-02	2.4713976e-02	7.6123241e-04	1.9962537e-02	-1.9201305e-02
5.0000000e+02	1.9580980e-02	2.4713879e-02	7.5130910e-04	1.9956634e-02	-1.9205325e-02
5.0100000e+02	1.9579642e-02	2.4713696e-02	7.4260242e-04	1.9950944e-02	-1.9208341e-02
5.0200000e+02	1.9577768e-02	2.4713310e-02	7.3425939e-04	1.9944897e-02	-1.9210638e-02
5.0300000e+02	1.9575395e-02	2.4712921e-02	7.2566030e-04	1.9938225e-02	-1.9212565e-02
5.0400000e+02	1.9572089e-02	2.4712345e-02	7.1688366e-04	1.9930531e-02	-1.9213647e-02
5.0500000e+02	1.9567160e-02	2.4712139e-02	7.0761653e-04	1.9920968e-02	-1.9213351e-02
5.0600000e+02	1.9559975e-02	2.4712135e-02	6.9828532e-04	1.9909118e-02	-1.9210833e-02
5.0700000e+02	1.9550724e-02	2.4712539e-02	6.8955259e-04	1.9895500e-02	-1.9205948e-02
5.0800000e+02	1.9539604e-02	2.4713002e-02	6.8258412e-04	1.9880896e-02	-1.9198312e-02
5.0900000e+02	1.9526849e-02	2.4713546e-02	6.7783552e-04	1.9865766e-02	-1.9187931e-02
5.1000000e+02	1.9512417e-02	2.4713813e-02	6.7547997e-04	1.9850157e-02	-1.9174677e-02
5.1100000e+02	1.9496494e-02	2.4714275e-02	6.7508461e-04	1.9834037e-02	-1.9158952e-02
5.1200000e+02	1.9479009e-02	2.4714768e-02	6.7644896e-04	1.9817233e-02	-1.9140784e-02
5.1300000e+02	1.9460315e-02	2.4715525e-02	6.7918715e-04	1.9799909e-02	-1.9120722e-02
5.1400000e+02	1.9440550e-02	2.4716192e-02	6.8283734e-04	1.9781969e-02	-1.9099132e-02
5.1500000e+02	1.9420118e-02	2.4716917e-02	6.8665933e-04	1.9763447e-02	-1.9076788e-02
5.1600000e+02	1.9399270e-02	2.4717455e-02	6.9014622e-04	1.9744343e-02	-1.9054197e-02
5.1700000e+02	1.9377723e-02	2.4718254e-02	6.9312063e-04	1.9724283e-02	-1.9031163e-02
5.1800000e+02	1.9355509e-02	2.4719091e-02	6.9569930e-04	1.9703359e-02	-1.9007659e-02
5.1900000e+02	1.9333429e-02	2.4720360e-02	6.9791464e-04	1.9682387e-02	-1.8984472e-02
5.2000000e+02	1.9312541e-02	2.4721802e-02	7.0012306e-04	1.9662602e-02	-1.8962479e-02
5.2100000e+02	1.9292670e-02	2.4723441e-02	7.0243173e-04	1.9643886e-02	-1.8941454e-02
5.2200000e+02	1.9274269e-02	2.4724528e-02	7.0467278e-04	1.9626605e-02	-1.8921933e-02
5.2300000e+02	1.9257578e-02	2.4725561e-02	7.0664387e-04	1.9610900e-02	-1.8904256e-02
5.2400000e+02	1.9242647e-02	2.4726415e-02	7.0878044e-04	1.9597037e-02	-1.8888257e-02
5.2500000e+02	1.9229648e-02	2.4727520e-02	7.1121800e-04	1.9585257e-02	-1.8874039e-02
5.2600000e+02	1.9218457e-02	2.4728342e-02	7.1419139e-04	1.9575553e-02	-1.8861361e-02
5.2700000e+02	1.9209109e-02	2.4728898e-02	7.1723472e-04	1.9567726e-02	-1.8850491e-02
5.2800000e+02	1.9201453e-02	2.4728467e-02	7.2029021e-04	1.9561598e-02	-1.8841308e-02
5.2900000e+02	1.9194718e-02	2.4727644e-02	7.2291647e-04	1.9556176e-02	-1.8833260e-02
5.3000000e+02	1.9188092e-02	2.4726357e-02	7.2507090e-04	1.9550627e-02	-1.8825556e-02
5.3100000e+02	1.9181267e-02	2.4725132e-02	7.2651301e-04	1.9544523e-02	-1.8818010e-02
5.3200000e+02	1.9174195e-02	2.4723742e-02	7.2741420e-04	1.9537903e-02	-1.8810488e-02
5.3300000e+02	1.9166740e-02	2.4722585e-02	7.2776646e-04	1.9530623e-02	-1.8802856e-02
5.3400000e+02	1.9158801e-02	2.4721322e-02	7.2779593e-04	1.9522699e-02	-1.8794903e-02
5.3500000e+02	1.9150000e-02	2.4720512e-02	7.2749108e-04	1.9513745e-02	-1.8786254e-02
5.3600000e+02	1.9140173e-02	2.4719834e-02	7.2724649e-04	1.9503797e-02	-1.8776550e-02
5.3700000e+02	1.9129222e-02	2.4719705e-02	7.2739403e-04	1.9492919e-02	-1.8765525e-02
5.3800000e+02	1.9117572e-02	2.4719638e-02	7.2852022e-04	1.9481832e-02	-1.8753312e-02
5.3900000e+02	1.9105157e-02	2.4719895e-02	7.3069174e-04	1.9470503e-02	-1.8739812e-02
5.4000000e+02	1.9091872e-02	2.4719900e-02	7.3415621e-04	1.9458950e-02	-1.8724794e-02
5.4100000e+02	1.9077499e-02	2.4719948e-02	7.3885508e-04	1.9446926e-02	-1.8708071e-02
5.4200000e+02	1.9061807e-02	2.4719785e-02	7.4498292e-04	1.9434298e-02	-1.8689315e-02
5.4300000e+02	1.9045438e-02	2.4719721e-02	7.5216636e-04	1.9421521e-02	-1.8669355e-02
5.4400000e+02	1.9029863e-02	2.4719396e-02	7.6001113e-04	1.9409869e-02	-1.8649858e-02
5.4500000e+02	1.9015877e-02	2.4719080e-02	7.6805217e-04	1.9399903e-02	-1.8631851e-02
5.4600000e+02	1.9003289e-02	2.4718425e-02	7.7666222e-04	1.9391620e-02	-1.8614958e-02
5.4700000e+02	1.8991344e-02	2.4717914e-02	7.8616722e-04	1.9384427e-02	-1.8598260e-02
5.4800000e+02	1.8979822e-02	2.4717353e-02	7.9678979e-04	1.9378217e-02	-1.8581427e-02
5.4900000e+02	1.8968916e-02	2.4717147e-02	8.0803606e-04	1.9372934e-02	-1.8564898e-02
5.5000000e+02	1.8959440e-02	2.4716870e-02	8.1921026e-04	1.9369045e-02	-1.8549834e-02
5.5100000e+02	1.8951705e-02	2.4716723e-02	8.2975302e-04	1.9366582e-02	-1.8536829e-02
5.5200000e+02	1.8945867e-02	2.4716147e-02	8.3968945e-04	1.9365712e-02	-1.8526023e-02
5.5300000e+02	1.8941638e-02	2.4715356e-02	8.4908869e-04	1.9366182e-02	-1.8517093e-02
5.5400000e+02	1.8938482e-02	2.4714326e-02	8.5874784e-04	1.9367856e-02	-1.8509108e-02
5.5500000e+02	1.8936110e-02	2.4713426e-02	8.6874595e-04	1.9370483e-02	-1.8501737e-02
5.5600000e+02	1.8934556e-02	2.4712436e-02	8.7871105e-04	1.9373912e-02	-1.8495201e-02
5.5700000e+02	1.8933775e-02	2.4711710e-02	8.8738940e-04	1.9377470e-02	-1.8490080e-02
5.5800000e+02	1.8933841e-02	2.4710805e-02	8.9431471e-04	1.9380998e-02	-1.8486683e-02
5.5900000e+02	1.8934358e-02	2.4709912e-02	8.9971825e-04	1.9384218e-02	-1.8484499e-02
5.6000000e+02	1.8935219e-02	2.4708597e-02	9.0411593e-04	1.9387277e-02	-1.8483161e-02
5.6100000e+02	1.8936194e-02	2.4707161e-02	9.0764792e-04	1.9390018e-02	-1.8482370e-02
5.6200000e+02	1.8937338e-02	2.4705479e-02	9.1036735e-04	1.9392522e-02	-1.8482154e-02
5.6300000e+02	1.8938685e-02	2.4703943e-02	9.1223733e-04	1.9394803e-02	-1.8482566e-02
5.6400000e+02	1.8940519e-02	2.4702236e-02	9.1344608e-04	1.9397242e-02	-1.8483796e-02
5.6500000e+02	1.8942959e-02	2.4700500e-02	9.1395088e-04	1.9399934e-02	-1.8485983e-02
5.6600000e+02	1.8945986e-02	2.4698709e-02	9.1398425e-04	1.9402978e-02	-1.8488994e-02
5.6700000e+02	1.8949376e-02	2.4697077e-02	9.1362701e-04	1.9406190e-02	-1.8492563e-02
5.6800000e+02	1.8952796e-02	2.4695392e-02	9.1319597e-04	1.9409394e-02	-1.8496198e-02
5.6900000e+02	1.8955945e-02	2.4693859e-02	9.1270835e-04	1.9412299e-02	-1.8499591e-02
5.7000000e+02	1.8958799e-02	2.4692348e-02	9.1220084e-04	1.9414899e-02	-1.8502698e-02
5.7100000e+02	1.8961622e-02	2.4690986e-02	9.1162197e-04	1.9417433e-02	-1.8505811e-02
5.7200000e+02	1.8964392e-02	2.4689646e-02	9.1110925e-04	1.9419946e-02	-1.8508837e-02
5.7300000e+02	1.8966909e-02	2.4688494e-02	9.1072448e-04	1.9422271e-02	-1.8511546e-02
5.7400000e+02	1.8968902e-02	2.4687465e-02	9.1055138e-04	1.9424177e-02	-1.8513626e-02
5.7500000e+02	1.8970480e-02	2.4686686e-02	9.1043646e-04	1.9425698e-02	-1.8515261e-02
5.7600000e+02	1.8971783e-02	2.4685951e-02	9.1035232e-04	1.9426960e-02	-1.8516607e-02
5.7700000e+02	1.8973187e-02	2.4685173e-02	9.1021557e-04	1.9428295e-02	-1.8518079e-02
5.7800000e+02	1.8974583e-02	2.4684421e-02	9.1015428e-04	1.9429660e-02	-1.8519506e-02
5.7900000e+02	1.8975914e-02	2.4683951e-02	9.1025680e-04	1.9431042e-02	-1.8520785e-02
5.8000000e+02	1.8977098e-02	2.4683669e-02	9.1055029e-04	1.9432373e-02	-1.8521823e-02
5.8100000e+02	1.8978380e-02	2.4683635e-02	9.1087074e-04	1.9433816e-02	-1.8522945e-02
5.8200000e+02	1.8979948e-02	2.4683757e-02	9.1111146e-04	1.9435503e-02	-1.8524392e-02
5.8300000e+02	1.8982181e-02	2.4684078e-02	9.1110459e-04	1.9437733e-02	-1.8526629e-02
5.8400000e+02	1.8984909e-02	2.4684597e-02	9.1081203e-04	1.9440315e-02	-1.8529503e-02
5.8500000e+02	1.8988119e-02	2.4685401e-02	9.1004332e-04	1.9443141e-02	-1.8533098e-02
5.8600000e+02	1.8991539e-02	2.4686496e-02	9.0870435e-04	1.9445891e-02	-1.8537186e-02
5.8700000e+02	1.8995103e-02	2.4687890e-02	9.0684728e-04	1.9448527e-02	-1.8541679e-02
5.8800000e+02	1.8998831e-02	2.4689314e-02	9.0469539e-04	1.9451179e-02	-1.8546483e-02
5.8900000e+02	1.9002917e-02	2.4690592e-02	9.0237478e-04	1.9454104e-02	-1.8551729e-02
5.9000000e+02	1.9007315e-02	2.4691612e-02	8.9996212e-04	1.9457296e-02	-1.8557334e-02
5.9100000e+02	1.9011868e-02	2.4692705e-02	8.9732734e-04	1.9460532e-02	-1.8563205e-02
5.9200000e+02	1.9016164e-02	2.4693814e-02	8.9457641e-04	1.9463453e-02	-1.8568876e-02
5.9300000e+02	1.9019618e-02	2.4695186e-02	8.9209561e-04	1.9465666e-02	-1.8573570e-02
5.9400000e+02	1.9022143e-02	2.4696520e-02	8.9030041e-04	1.9467293e-02	-1.8576993e-02
5.9500000e+02	1.9024008e-02	2.4697873e-02	8.8910295e-04	1.9468560e-02	-1.8579457e-02
5.9600000e+02	1.9025359e-02	2.4699023e-02	8.8833832e-04	1.9469528e-02	-1.8581190e-02
5.9700000e+02	1.9026163e-02	2.4700325e-02	8.8774047e-04	1.9470033e-02	-1.8582293e-02
5.9800000e+02	1.9026222e-02	2.4701682e-02	8.8725110e-04	1.9469847e-02	-1.8582596e-02
5.9900000e+02	1.9025290e-02	2.4703351e-02	8.8679987e-04	1.9468690e-02	-1.8581890e-02
6.0000000e+02	1.9023555e-02	2.4704979e-02	8.8643217e-04	1.9466771e-02	-1.8580339e-02
