# Force coefficients
# liftDir     : (0.0000000e+00 0.0000000e+00 1.0000000e+00)
# dragDir     : (1.0000000e+00 0.0000000e+00 0.0000000e+00)
# pitchAxis   : (0.0000000e+00 1.0000000e+00 0.0000000e+00)
# magUInf     : 4.4700000e+01
# lRef        : 2.9250000e-01
# Aref        : 5.3500000e-01
# CofR        : (0.0000000e+00 0.0000000e+00 0.0000000e+00)
# Time        	Cm            	Cd            	Cl            	Cl(f)         	Cl(r)         	Cm	Cd	Cl	Cl(f)	Cl(r)
1.0000000e+00	1.8814680e-02	8.2975319e-02	1.7623597e-02	2.7626479e-02	-1.0002882e-02
2.0000000e+00	2.3889816e-02	9.7584716e-02	4.8807777e-02	4.8293705e-02	5.1407248e-04
3.0000000e+00	2.4865457e-02	9.4002118e-02	6.5327915e-02	5.7529414e-02	7.7985006e-03
4.0000000e+00	2.1407350e-02	6.1445439e-02	5.7887442e-02	5.0351071e-02	7.5363713e-03
5.0000000e+00	1.5435407e-02	1.5914050e-02	3.4708013e-02	3.2789414e-02	1.9185995e-03
6.0000000e+00	1.0415513e-02	-1.1640333e-02	1.5721348e-02	1.8276187e-02	-2.5548392e-03
7.0000000e+00	8.1011022e-03	-4.7370175e-03	1.6367837e-02	1.6285020e-02	8.2816116e-05
8.0000000e+00	8.4010373e-03	2.1992114e-02	3.1918291e-02	2.4360183e-02	7.5581080e-03
9.0000000e+00	1.0899546e-02	5.0418894e-02	5.6583266e-02	3.9191179e-02	1.7392087e-02
1.0000000e+01	1.3985818e-02	5.9746547e-02	7.4894164e-02	5.1432900e-02	2.3461264e-02
1.1000000e+01	1.5762808e-02	4.8641764e-02	7.9246430e-02	5.5386023e-02	2.3860407e-02
1.2000000e+01	1.5448588e-02	2.7791812e-02	7.2250490e-02	5.1573833e-02	2.0676657e-02
1.3000000e+01	1.3609892e-02	1.0857613e-02	5.9492979e-02	4.3356381e-02	1.6136598e-02
1.4000000e+01	1.1839685e-02	6.9032511e-03	4.9959509e-02	3.6819439e-02	1.3140070e-02
1.5000000e+01	1.1449257e-02	1.4334880e-02	4.8014174e-02	3.5456344e-02	1.2557830e-02
1.6000000e+01	1.2570639e-02	2.6807143e-02	5.4359552e-02	3.9750415e-02	1.4609137e-02
1.7000000e+01	1.4262820e-02	3.6205946e-02	6.5104801e-02	4.6815221e-02	1.8289581e-02
1.8000000e+01	1.5485598e-02	3.8409512e-02	7.4527380e-02	5.2749287e-02	2.1778092e-02
1.9000000e+01	1.5860455e-02	3.4156283e-02	7.9291584e-02	5.5506247e-02	2.3785338e-02
2.0000000e+01	1.5783851e-02	2.6826819e-02	7.8071410e-02	5.4819556e-02	2.3251854e-02
2.1000000e+01	1.5850144e-02	2.0994891e-02	7.2872186e-02	5.2286237e-02	2.0585949e-02
2.2000000e+01	1.6344983e-02	1.9237570e-02	6.7622576e-02	5.0156271e-02	1.7466305e-02
2.3000000e+01	1.7128450e-02	2.1396836e-02	6.4980772e-02	4.9618836e-02	1.5361935e-02
2.4000000e+01	1.7702847e-02	2.5678541e-02	6.6134574e-02	5.0770134e-02	1.5364440e-02
2.5000000e+01	1.7471086e-02	3.0325026e-02	7.1722682e-02	5.3332427e-02	1.8390255e-02
2.6000000e+01	1.7336298e-02	3.0988479e-02	7.5486140e-02	5.5079368e-02	2.0406772e-02
2.7000000e+01	1.7125239e-02	2.9300847e-02	7.8428950e-02	5.6339714e-02	2.2089236e-02
2.8000000e+01	1.7221434e-02	2.6497740e-02	7.9301771e-02	5.6872319e-02	2.2429452e-02
2.9000000e+01	1.7652464e-02	2.4364841e-02	7.8054758e-02	5.6679843e-02	2.1374915e-02
3.0000000e+01	1.8250495e-02	2.3685591e-02	7.6078505e-02	5.6289748e-02	1.9788757e-02
3.1000000e+01	1.8809037e-02	2.4338153e-02	7.4377881e-02	5.5997978e-02	1.8379904e-02
3.2000000e+01	1.8971389e-02	2.5776590e-02	7.3930616e-02	5.5936697e-02	1.7993919e-02
3.3000000e+01	1.8391976e-02	2.7471982e-02	7.5555674e-02	5.6169813e-02	1.9385861e-02
3.4000000e+01	1.8088560e-02	2.7756255e-02	7.7332651e-02	5.6754886e-02	2.0577765e-02
3.5000000e+01	1.7846673e-02	2.7253968e-02	7.9452280e-02	5.7572812e-02	2.1879467e-02
3.6000000e+01	1.8106223e-02	2.6120958e-02	8.1306771e-02	5.8759609e-02	2.2547162e-02
3.7000000e+01	1.8428017e-02	2.5449753e-02	8.1085168e-02	5.8970601e-02	2.2114567e-02
3.8000000e+01	1.8983224e-02	2.5093252e-02	7.9936070e-02	5.8951259e-02	2.0984811e-02
3.9000000e+01	1.9530560e-02	2.5148241e-02	7.8591635e-02	5.8826378e-02	1.9765257e-02
4.0000000e+01	1.9751027e-02	2.5523757e-02	7.7973206e-02	5.8737630e-02	1.9235576e-02
4.1000000e+01	1.9584528e-02	2.5975647e-02	7.8367134e-02	5.8768095e-02	1.9599039e-02
4.2000000e+01	1.9146650e-02	2.6299040e-02	7.9532078e-02	5.8912689e-02	2.0619389e-02
4.3000000e+01	1.8692255e-02	2.6362783e-02	8.0963812e-02	5.9174161e-02	2.1789651e-02
4.4000000e+01	1.8500863e-02	2.6167494e-02	8.2095048e-02	5.9548387e-02	2.2546661e-02
4.5000000e+01	1.8690443e-02	2.5835372e-02	8.2636881e-02	6.0008884e-02	2.2627997e-02
4.6000000e+01	1.9473854e-02	2.5404050e-02	8.2494643e-02	6.0721176e-02	2.1773467e-02
4.7000000e+01	1.9858459e-02	2.5315642e-02	8.2111154e-02	6.0914036e-02	2.1197118e-02
4.8000000e+01	2.0097439e-02	2.5393474e-02	8.1661710e-02	6.0928294e-02	2.0733416e-02
4.9000000e+01	2.0071434e-02	2.5563352e-02	8.1536183e-02	6.0839525e-02	2.0696657e-02
5.0000000e+01	1.9845503e-02	2.5704418e-02	8.1889429e-02	6.0790218e-02	2.1099211e-02
5.1000000e+01	1.9564519e-02	2.5763775e-02	8.2588745e-02	6.0858891e-02	2.1729853e-02
5.2000000e+01	1.9368028e-02	2.5735049e-02	8.3472474e-02	6.1104265e-02	2.2368209e-02
5.3000000e+01	1.9397829e-02	2.5633527e-02	8.4274479e-02	6.1535069e-02	2.2739411e-02
5.4000000e+01	1.9670124e-02	2.5502439e-02	8.4734931e-02	6.2037589e-02	2.2697341e-02
5.5000000e+01	2.0064916e-02	2.5394941e-02	8.4864718e-02	6.2497275e-02	2.2367443e-02
5.6000000e+01	2.0455659e-02	2.5331961e-02	8.4801426e-02	6.2856372e-02	2.1945054e-02
5.7000000e+01	2.0710840e-02	2.5322887e-02	8.4712042e-02	6.3066861e-02	2.1645181e-02
5.8000000e+01	2.0743175e-02	2.5352079e-02	8.4776448e-02	6.3131399e-02	2.1645049e-02
5.9000000e+01	2.0604735e-02	2.5391405e-02	8.5068421e-02	6.3138945e-02	2.1929476e-02
6.0000000e+01	2.0433027e-02	2.5414466e-02	8.5541072e-02	6.3203563e-02	2.2337509e-02
6.1000000e+01	2.0349178e-02	2.5417697e-02	8.6119899e-02	6.3409127e-02	2.2710772e-02
6.2000000e+01	2.0436138e-02	2.5395365e-02	8.6664760e-02	6.3768518e-02	2.2896242e-02
6.3000000e+01	2.0680863e-02	2.5356005e-02	8.7055380e-02	6.4208553e-02	2.2846827e-02
6.4000000e+01	2.0981721e-02	2.5310048e-02	8.7254761e-02	6.4609102e-02	2.2645659e-02
6.5000000e+01	2.1242078e-02	2.5271319e-02	8.7335659e-02	6.4909907e-02	2.2425751e-02
6.6000000e+01	2.1401446e-02	2.5243475e-02	8.7389530e-02	6.5096211e-02	2.2293319e-02
6.7000000e+01	2.1447500e-02	2.5230414e-02	8.7499763e-02	6.5197382e-02	2.2302382e-02
6.8000000e+01	2.1414671e-02	2.5224774e-02	8.7705765e-02	6.5267553e-02	2.2438212e-02
6.9000000e+01	2.1370148e-02	2.5222870e-02	8.8000462e-02	6.5370379e-02	2.2630083e-02
7.0000000e+01	2.1375612e-02	2.5216269e-02	8.8336949e-02	6.5544087e-02	2.2792863e-02
7.1000000e+01	2.1459041e-02	2.5206400e-02	8.8678238e-02	6.5798160e-02	2.2880079e-02
7.2000000e+01	2.1610831e-02	2.5190018e-02	8.8968119e-02	6.6094890e-02	2.2873228e-02
7.3000000e+01	2.1789822e-02	2.5171094e-02	8.9181802e-02	6.6380722e-02	2.2801079e-02
7.4000000e+01	2.1943570e-02	2.5149310e-02	8.9319715e-02	6.6603427e-02	2.2716287e-02
7.5000000e+01	2.2046337e-02	2.5129582e-02	8.9420996e-02	6.6756835e-02	2.2664161e-02
7.6000000e+01	2.2111698e-02	2.5115581e-02	8.9574033e-02	6.6898715e-02	2.2675318e-02
7.7000000e+01	2.2111763e-02	2.5095363e-02	8.9670841e-02	6.6947183e-02	2.2723658e-02
7.8000000e+01	2.2101981e-02	2.5077409e-02	8.9809406e-02	6.7006684e-02	2.2802722e-02
7.9000000e+01	2.2112815e-02	2.5071657e-02	9.0123570e-02	6.7174600e-02	2.2948969e-02
8.0000000e+01	2.2160453e-02	2.5056603e-02	9.0283104e-02	6.7302006e-02	2.2981099e-02
8.1000000e+01	2.2245880e-02	2.5044902e-02	9.0450239e-02	6.7470999e-02	2.2979240e-02
8.2000000e+01	2.2408210e-02	2.5036915e-02	9.0719647e-02	6.7768033e-02	2.2951614e-02
8.3000000e+01	2.2472952e-02	2.5022534e-02	9.0820337e-02	6.7883121e-02	2.2937216e-02
8.4000000e+01	2.2511020e-02	2.5006472e-02	9.0901700e-02	6.7961870e-02	2.2939829e-02
8.5000000e+01	2.2540450e-02	2.4992325e-02	9.1042686e-02	6.8061793e-02	2.2980893e-02
8.6000000e+01	2.2546169e-02	2.4977509e-02	9.1118751e-02	6.8105544e-02	2.3013207e-02
8.7000000e+01	2.2555286e-02	2.4966081e-02	9.1218982e-02	6.8164778e-02	2.3054205e-02
8.8000000e+01	2.2596454e-02	2.4955298e-02	9.1425497e-02	6.8309202e-02	2.3116294e-02
8.9000000e+01	2.2635420e-02	2.4946209e-02	9.1543959e-02	6.8407400e-02	2.3136559e-02
9.0000000e+01	2.2690728e-02	2.4936180e-02	9.1665777e-02	6.8523617e-02	2.3142160e-02
9.1000000e+01	2.2755952e-02	2.4926370e-02	9.1794005e-02	6.8652954e-02	2.3141051e-02
9.2000000e+01	2.2817064e-02	2.4914831e-02	9.1917098e-02	6.8775613e-02	2.3141485e-02
9.3000000e+01	2.2864218e-02	2.4904032e-02	9.2030733e-02	6.8879584e-02	2.3151148e-02
9.4000000e+01	2.2895164e-02	2.4892710e-02	9.2129307e-02	6.8959818e-02	2.3169489e-02
9.5000000e+01	2.2916426e-02	2.4883000e-02	9.2218750e-02	6.9025801e-02	2.3192949e-02
9.6000000e+01	2.2938156e-02	2.4872820e-02	9.2302284e-02	6.9089298e-02	2.3212986e-02
9.7000000e+01	2.2968152e-02	2.4863619e-02	9.2388733e-02	6.9162519e-02	2.3226215e-02
9.8000000e+01	2.3008760e-02	2.4853615e-02	9.2478923e-02	6.9248222e-02	2.3230701e-02
9.9000000e+01	2.3057021e-02	2.4844761e-02	9.2575570e-02	6.9344806e-02	2.3230764e-02
1.0000000e+02	2.3106531e-02	2.4835421e-02	9.2672602e-02	6.9442832e-02	2.3229770e-02
1.0100000e+02	2.3152929e-02	2.4827321e-02	9.2768896e-02	6.9537377e-02	2.3231519e-02
1.0200000e+02	2.3193312e-02	2.4818774e-02	9.2857565e-02	6.9622094e-02	2.3235471e-02
1.0300000e+02	2.3228553e-02	2.4811396e-02	9.2938574e-02	6.9697839e-02	2.3240734e-02
1.0400000e+02	2.3261220e-02	2.4803390e-02	9.3010337e-02	6.9766389e-02	2.3243948e-02
1.0500000e+02	2.3294315e-02	2.4796475e-02	9.3077740e-02	6.9833186e-02	2.3244555e-02
1.0600000e+02	2.3329635e-02	2.4789144e-02	9.3142663e-02	6.9900966e-02	2.3241697e-02
1.0700000e+02	2.3367676e-02	2.4783076e-02	9.3209974e-02	6.9972663e-02	2.3237310e-02
1.0800000e+02	2.3406971e-02	2.4776609e-02	9.3278242e-02	7.0046092e-02	2.3232151e-02
1.0900000e+02	2.3446459e-02	2.4771101e-02	9.3347990e-02	7.0120454e-02	2.3227536e-02
1.1000000e+02	2.3485110e-02	2.4764441e-02	9.3414969e-02	7.0192595e-02	2.3222374e-02
1.1100000e+02	2.3523225e-02	2.4757928e-02	9.3479475e-02	7.0262962e-02	2.3216512e-02
1.1200000e+02	2.3561248e-02	2.4749618e-02	9.3538980e-02	7.0330738e-02	2.3208243e-02
1.1300000e+02	2.3600035e-02	2.4741311e-02	9.3595261e-02	7.0397666e-02	2.3197596e-02
1.1400000e+02	2.3639664e-02	2.4731645e-02	9.3647179e-02	7.0463254e-02	2.3183925e-02
1.1500000e+02	2.3680001e-02	2.4722730e-02	9.3696950e-02	7.0528476e-02	2.3168474e-02
1.1600000e+02	2.3720462e-02	2.4713072e-02	9.3744189e-02	7.0592557e-02	2.3151632e-02
1.1700000e+02	2.3761176e-02	2.4704344e-02	9.3791652e-02	7.0657002e-02	2.3134649e-02
1.1800000e+02	2.3801943e-02	2.4694763e-02	9.3838542e-02	7.0721214e-02	2.3117328e-02
1.1900000e+02	2.3843034e-02	2.4685966e-02	9.3886167e-02	7.0786118e-02	2.3100050e-02
1.2000000e+02	2.3903533e-02	2.4679143e-02	9.3969660e-02	7.0888363e-02	2.3081297e-02
1.2100000e+02	2.3929903e-02	2.4670114e-02	9.3992391e-02	7.0926099e-02	2.3066292e-02
1.2200000e+02	2.3956659e-02	2.4660052e-02	9.4008981e-02	7.0961149e-02	2.3047832e-02
1.2300000e+02	2.3989423e-02	2.4651329e-02	9.4028983e-02	7.1003914e-02	2.3025069e-02
1.2400000e+02	2.4045334e-02	2.4647405e-02	9.4083840e-02	7.1087254e-02	2.2996586e-02
1.2500000e+02	2.4076041e-02	2.4638220e-02	9.4108822e-02	7.1130452e-02	2.2978370e-02
1.2600000e+02	2.4107528e-02	2.4628461e-02	9.4137741e-02	7.1176399e-02	2.2961342e-02
1.2700000e+02	2.4143314e-02	2.4620475e-02	9.4174126e-02	7.1230377e-02	2.2943749e-02
1.2800000e+02	2.4183199e-02	2.4613265e-02	9.4215470e-02	7.1290934e-02	2.2924535e-02
1.2900000e+02	2.4223532e-02	2.4608477e-02	9.4257803e-02	7.1352434e-02	2.2905369e-02
1.3000000e+02	2.4260875e-02	2.4603673e-02	9.4293972e-02	7.1407860e-02	2.2886111e-02
1.3100000e+02	2.4294040e-02	2.4599461e-02	9.4322265e-02	7.1455172e-02	2.2867093e-02
1.3200000e+02	2.4324877e-02	2.4593878e-02	9.4343494e-02	7.1496624e-02	2.2846869e-02
1.3300000e+02	2.4355312e-02	2.4588963e-02	9.4361957e-02	7.1536291e-02	2.2825666e-02
1.3400000e+02	2.4386953e-02	2.4583557e-02	9.4380724e-02	7.1577315e-02	2.2803409e-02
1.3500000e+02	2.4419373e-02	2.4579492e-02	9.4403143e-02	7.1620944e-02	2.2782199e-02
1.3600000e+02	2.4452394e-02	2.4574943e-02	9.4429579e-02	7.1667184e-02	2.2762395e-02
1.3700000e+02	2.4485587e-02	2.4570834e-02	9.4459419e-02	7.1715296e-02	2.2744122e-02
1.3800000e+02	2.4519040e-02	2.4565335e-02	9.4488939e-02	7.1763510e-02	2.2725429e-02
1.3900000e+02	2.4552350e-02	2.4560242e-02	9.4515976e-02	7.1810338e-02	2.2705638e-02
1.4000000e+02	2.4585781e-02	2.4554715e-02	9.4538984e-02	7.1855273e-02	2.2683710e-02
1.4100000e+02	2.4619061e-02	2.4550892e-02	9.4559539e-02	7.1898830e-02	2.2660709e-02
1.4200000e+02	2.4652551e-02	2.4547490e-02	9.4579053e-02	7.1942078e-02	2.2636975e-02
1.4300000e+02	2.4686219e-02	2.4545727e-02	9.4599818e-02	7.1986128e-02	2.2613690e-02
1.4400000e+02	2.4720059e-02	2.4543580e-02	9.4621979e-02	7.2031048e-02	2.2590931e-02
1.4500000e+02	2.4753552e-02	2.4541945e-02	9.4645780e-02	7.2076442e-02	2.2569338e-02
1.4600000e+02	2.4787313e-02	2.4539193e-02	9.4670010e-02	7.2122318e-02	2.2547692e-02
1.4700000e+02	2.4821509e-02	2.4536914e-02	9.4694749e-02	7.2168884e-02	2.2525865e-02
1.4800000e+02	2.4856530e-02	2.4533889e-02	9.4718926e-02	7.2215993e-02	2.2502933e-02
1.4900000e+02	2.4892397e-02	2.4531363e-02	9.4743033e-02	7.2263913e-02	2.2479120e-02
1.5000000e+02	2.4928621e-02	2.4527897e-02	9.4765854e-02	7.2311548e-02	2.2454306e-02
1.5100000e+02	2.4964833e-02	2.4525032e-02	9.4787921e-02	7.2358793e-02	2.2429127e-02
1.5200000e+02	2.5000847e-02	2.4521591e-02	9.4808662e-02	7.2405178e-02	2.2403484e-02
1.5300000e+02	2.5037127e-02	2.4518948e-02	9.4829424e-02	7.2451839e-02	2.2377585e-02
1.5400000e+02	2.5073638e-02	2.4515810e-02	9.4850242e-02	7.2498759e-02	2.2351483e-02
1.5500000e+02	2.5110548e-02	2.4513423e-02	9.4872099e-02	7.2546597e-02	2.2325502e-02
1.5600000e+02	2.5146935e-02	2.4510604e-02	9.4893874e-02	7.2593872e-02	2.2300002e-02
1.5700000e+02	2.5182471e-02	2.4508595e-02	9.4915643e-02	7.2640293e-02	2.2275350e-02
1.5800000e+02	2.5216892e-02	2.4506147e-02	9.4936256e-02	7.2685020e-02	2.2251236e-02
1.5900000e+02	2.5250747e-02	2.4504471e-02	9.4956485e-02	7.2728990e-02	2.2227495e-02
1.6000000e+02	2.5284114e-02	2.4502307e-02	9.4975997e-02	7.2772113e-02	2.2203885e-02
1.6100000e+02	2.5317234e-02	2.4500813e-02	9.4995750e-02	7.2815109e-02	2.2180641e-02
1.6200000e+02	2.5349692e-02	2.4498829e-02	9.5015406e-02	7.2857396e-02	2.2158011e-02
1.6300000e+02	2.5381357e-02	2.4497566e-02	9.5035627e-02	7.2899171e-02	2.2136456e-02
1.6400000e+02	2.5412112e-02	2.4495855e-02	9.5055739e-02	7.2939982e-02	2.2115757e-02
1.6500000e+02	2.5442421e-02	2.4494845e-02	9.5076355e-02	7.2980598e-02	2.2095757e-02
1.6600000e+02	2.5472594e-02	2.4493419e-02	9.5097087e-02	7.3021137e-02	2.2075950e-02
1.6700000e+02	2.5502821e-02	2.4492870e-02	9.5118543e-02	7.3062093e-02	2.2056451e-02
1.6800000e+02	2.5532372e-02	2.4492274e-02	9.5139740e-02	7.3102242e-02	2.2037498e-02
1.6900000e+02	2.5560801e-02	2.4492724e-02	9.5160946e-02	7.3141274e-02	2.2019673e-02
1.7000000e+02	2.5587568e-02	2.4492816e-02	9.5181257e-02	7.3178196e-02	2.2003061e-02
1.7100000e+02	2.5612923e-02	2.4493451e-02	9.5201268e-02	7.3213557e-02	2.1987711e-02
1.7200000e+02	2.5637319e-02	2.4493317e-02	9.5220434e-02	7.3247536e-02	2.1972898e-02
1.7300000e+02	2.5661179e-02	2.4493447e-02	9.5239488e-02	7.3280923e-02	2.1958565e-02
1.7400000e+02	2.5684845e-02	2.4492906e-02	9.5258021e-02	7.3313856e-02	2.1944165e-02
1.7500000e+02	2.5708150e-02	2.4493174e-02	9.5276551e-02	7.3346426e-02	2.1930125e-02
1.7600000e+02	2.5730629e-02	2.4493772e-02	9.5294401e-02	7.3377830e-02	2.1916572e-02
1.7700000e+02	2.5752551e-02	2.4495476e-02	9.5312099e-02	7.3408601e-02	2.1903498e-02
1.7800000e+02	2.5774646e-02	2.4496838e-02	9.5329460e-02	7.3439376e-02	2.1890084e-02
1.7900000e+02	2.5797084e-02	2.4498650e-02	9.5347276e-02	7.3470722e-02	2.1876554e-02
1.8000000e+02	2.5819230e-02	2.4500109e-02	9.5364679e-02	7.3501570e-02	2.1863109e-02
1.8100000e+02	2.5840538e-02	2.4502531e-02	9.5381998e-02	7.3531537e-02	2.1850460e-02
1.8200000e+02	2.5860859e-02	2.4504829e-02	9.5398125e-02	7.3559921e-02	2.1838204e-02
1.8300000e+02	2.5880394e-02	2.4507934e-02	9.5413481e-02	7.3587134e-02	2.1826346e-02
1.8400000e+02	2.5899724e-02	2.4510691e-02	9.5427592e-02	7.3613520e-02	2.1814072e-02
1.8500000e+02	2.5918904e-02	2.4514223e-02	9.5441104e-02	7.3639456e-02	2.1801648e-02
1.8600000e+02	2.5938053e-02	2.4517432e-02	9.5453542e-02	7.3664824e-02	2.1788719e-02
1.8700000e+02	2.5956936e-02	2.4521271e-02	9.5465438e-02	7.3689655e-02	2.1775783e-02
1.8800000e+02	2.5975883e-02	2.4524382e-02	9.5476341e-02	7.3714054e-02	2.1762287e-02
1.8900000e+02	2.5994757e-02	2.4527819e-02	9.5486927e-02	7.3738221e-02	2.1748706e-02
1.9000000e+02	2.6014013e-02	2.4530483e-02	9.5496987e-02	7.3762507e-02	2.1734481e-02
1.9100000e+02	2.6034048e-02	2.4533221e-02	9.5507482e-02	7.3787789e-02	2.1719694e-02
1.9200000e+02	2.6055506e-02	2.4534820e-02	9.5518455e-02	7.3814734e-02	2.1703721e-02
1.9300000e+02	2.6078184e-02	2.4536361e-02	9.5530688e-02	7.3843529e-02	2.1687160e-02
1.9400000e+02	2.6101946e-02	2.4536703e-02	9.5543388e-02	7.3873640e-02	2.1669748e-02
1.9500000e+02	2.6126323e-02	2.4536704e-02	9.5556530e-02	7.3904587e-02	2.1651942e-02
1.9600000e+02	2.6151137e-02	2.4535219e-02	9.5568947e-02	7.3935611e-02	2.1633337e-02
1.9700000e+02	2.6175919e-02	2.4533560e-02	9.5580592e-02	7.3966215e-02	2.1614377e-02
1.9800000e+02	2.6200620e-02	2.4530994e-02	9.5590677e-02	7.3995958e-02	2.1594718e-02
1.9900000e+02	2.6224601e-02	2.4529021e-02	9.5599398e-02	7.4024300e-02	2.1575098e-02
2.0000000e+02	2.6247933e-02	2.4526806e-02	9.5606445e-02	7.4051156e-02	2.1555289e-02
2.0100000e+02	2.6269987e-02	2.4525612e-02	9.5612277e-02	7.4076126e-02	2.1536151e-02
2.0200000e+02	2.6290831e-02	2.4524402e-02	9.5616647e-02	7.4099155e-02	2.1517492e-02
2.0300000e+02	2.6309832e-02	2.4524418e-02	9.5620051e-02	7.4119857e-02	2.1500194e-02
2.0400000e+02	2.6327149e-02	2.4524640e-02	9.5622255e-02	7.4138276e-02	2.1483979e-02
2.0500000e+02	2.6342250e-02	2.4526211e-02	9.5623938e-02	7.4154219e-02	2.1469719e-02
2.0600000e+02	2.6355468e-02	2.4527890e-02	9.5625451e-02	7.4168193e-02	2.1457258e-02
2.0700000e+02	2.6366477e-02	2.4530513e-02	9.5628048e-02	7.4180501e-02	2.1447547e-02
2.0800000e+02	2.6376230e-02	2.4532536e-02	9.5632292e-02	7.4192376e-02	2.1439916e-02
2.0900000e+02	2.6384831e-02	2.4534694e-02	9.5639261e-02	7.4204461e-02	2.1434800e-02
2.1000000e+02	2.6393299e-02	2.4535644e-02	9.5649011e-02	7.4217804e-02	2.1431207e-02
2.1100000e+02	2.6401415e-02	2.4536298e-02	9.5662093e-02	7.4232461e-02	2.1429631e-02
2.1200000e+02	2.6409907e-02	2.4535325e-02	9.5676789e-02	7.4248302e-02	2.1428487e-02
2.1300000e+02	2.6417830e-02	2.4534187e-02	9.5692201e-02	7.4263930e-02	2.1428271e-02
2.1400000e+02	2.6425585e-02	2.4531952e-02	9.5706863e-02	7.4279016e-02	2.1427847e-02
2.1500000e+02	2.6432331e-02	2.4530010e-02	9.5720949e-02	7.4292805e-02	2.1428143e-02
2.1600000e+02	2.6438694e-02	2.4527296e-02	9.5734142e-02	7.4305765e-02	2.1428377e-02
2.1700000e+02	2.6444403e-02	2.4524573e-02	9.5747618e-02	7.4318212e-02	2.1429406e-02
2.1800000e+02	2.6450244e-02	2.4520613e-02	9.5762156e-02	7.4331322e-02	2.1430834e-02
2.1900000e+02	2.6455663e-02	2.4516387e-02	9.5778652e-02	7.4344989e-02	2.1433663e-02
2.2000000e+02	2.6461079e-02	2.4510967e-02	9.5796931e-02	7.4359544e-02	2.1437386e-02
2.2100000e+02	2.6465603e-02	2.4505872e-02	9.5817076e-02	7.4374141e-02	2.1442935e-02
2.2200000e+02	2.6469690e-02	2.4500396e-02	9.5838441e-02	7.4388911e-02	2.1449530e-02
2.2300000e+02	2.6472533e-02	2.4496363e-02	9.5861122e-02	7.4403094e-02	2.1458028e-02
2.2400000e+02	2.6474760e-02	2.4492864e-02	9.5884537e-02	7.4417029e-02	2.1467508e-02
2.2500000e+02	2.6476295e-02	2.4490429e-02	9.5909017e-02	7.4430804e-02	2.1478214e-02
2.2600000e+02	2.6478475e-02	2.4487174e-02	9.5934697e-02	7.4445824e-02	2.1488873e-02
2.2700000e+02	2.6481696e-02	2.4483212e-02	9.5962569e-02	7.4462980e-02	2.1499589e-02
2.2800000e+02	2.6486809e-02	2.4477618e-02	9.5990840e-02	7.4482229e-02	2.1508610e-02
2.2900000e+02	2.6492597e-02	2.4472667e-02	9.6018797e-02	7.4501996e-02	2.1516801e-02
2.3000000e+02	2.6499492e-02	2.4467324e-02	9.6045641e-02	7.4522313e-02	2.1523328e-02
2.3100000e+02	2.6506473e-02	2.4462390e-02	9.6071783e-02	7.4542364e-02	2.1529419e-02
2.3200000e+02	2.6513785e-02	2.4456474e-02	9.6097486e-02	7.4562528e-02	2.1534958e-02
2.3300000e+02	2.6520966e-02	2.4450424e-02	9.6123172e-02	7.4582552e-02	2.1540620e-02
2.3400000e+02	2.6528363e-02	2.4443475e-02	9.6147421e-02	7.4602074e-02	2.1545347e-02
2.3500000e+02	2.6535040e-02	2.4437292e-02	9.6169360e-02	7.4619720e-02	2.1549640e-02
2.3600000e+02	2.6541083e-02	2.4431246e-02	9.6187882e-02	7.4635024e-02	2.1552858e-02
2.3700000e+02	2.6545727e-02	2.4426558e-02	9.6203344e-02	7.4647400e-02	2.1555945e-02
2.3800000e+02	2.6549617e-02	2.4421784e-02	9.6216536e-02	7.4657884e-02	2.1558651e-02
2.3900000e+02	2.6552370e-02	2.4417524e-02	9.6228653e-02	7.4666696e-02	2.1561956e-02
2.4000000e+02	2.6554455e-02	2.4412679e-02	9.6239917e-02	7.4674413e-02	2.1565504e-02
2.4100000e+02	2.6555264e-02	2.4408653e-02	9.6250518e-02	7.4680523e-02	2.1569994e-02
2.4200000e+02	2.6555185e-02	2.4404945e-02	9.6260314e-02	7.4685342e-02	2.1574972e-02
2.4300000e+02	2.6553646e-02	2.4403094e-02	9.6269160e-02	7.4688226e-02	2.1580934e-02
2.4400000e+02	2.6551785e-02	2.4401540e-02	9.6277383e-02	7.4690477e-02	2.1586907e-02
2.4500000e+02	2.6549348e-02	2.4400957e-02	9.6285145e-02	7.4691920e-02	2.1593225e-02
2.4600000e+02	2.6547375e-02	2.4399766e-02	9.6292902e-02	7.4693826e-02	2.1599076e-02
2.4700000e+02	2.6545264e-02	2.4399274e-02	9.6300930e-02	7.4695729e-02	2.1605201e-02
2.4800000e+02	2.6543497e-02	2.4398493e-02	9.6309503e-02	7.4698248e-02	2.1611255e-02
2.4900000e+02	2.6541148e-02	2.4398893e-02	9.6319022e-02	7.4700659e-02	2.1618364e-02
2.5000000e+02	2.6539025e-02	2.4399081e-02	9.6329249e-02	7.4703650e-02	2.1625599e-02
2.5100000e+02	2.6536753e-02	2.4399930e-02	9.6340193e-02	7.4706850e-02	2.1633343e-02
2.5200000e+02	2.6535339e-02	2.4399964e-02	9.6351123e-02	7.4710901e-02	2.1640222e-02
2.5300000e+02	2.6534237e-02	2.4400432e-02	9.6361834e-02	7.4715154e-02	2.1646680e-02
2.5400000e+02	2.6534184e-02	2.4400593e-02	9.6371692e-02	7.4720030e-02	2.1651662e-02
2.5500000e+02	2.6534889e-02	2.4401912e-02	9.6381148e-02	7.4725463e-02	2.1655685e-02
2.5600000e+02	2.6537044e-02	2.4403707e-02	9.6390028e-02	7.4732058e-02	2.1657970e-02
2.5700000e+02	2.6539768e-02	2.4407360e-02	9.6398011e-02	7.4738774e-02	2.1659237e-02
2.5800000e+02	2.6542882e-02	2.4411901e-02	9.6403878e-02	7.4744820e-02	2.1659057e-02
2.5900000e+02	2.6545234e-02	2.4418572e-02	9.6407976e-02	7.4749222e-02	2.1658754e-02
2.6000000e+02	2.6547289e-02	2.4426219e-02	9.6411034e-02	7.4752805e-02	2.1658228e-02
2.6100000e+02	2.6549082e-02	2.4435375e-02	9.6414696e-02	7.4756430e-02	2.1658266e-02
2.6200000e+02	2.6552013e-02	2.4444010e-02	9.6419766e-02	7.4761896e-02	2.1657870e-02
2.6300000e+02	2.6555912e-02	2.4452857e-02	9.6426504e-02	7.4769164e-02	2.1657340e-02
2.6400000e+02	2.6561129e-02	2.4461104e-02	9.6433625e-02	7.4777941e-02	2.1655683e-02
2.6500000e+02	2.6567234e-02	2.4470201e-02	9.6440258e-02	7.4787363e-02	2.1652895e-02
2.6600000e+02	2.6575390e-02	2.4478666e-02	9.6445423e-02	7.4798101e-02	2.1647322e-02
2.6700000e+02	2.6586117e-02	2.4486980e-02	9.6449489e-02	7.4810862e-02	2.1638627e-02
2.6800000e+02	2.6600559e-02	2.4493462e-02	9.6452777e-02	7.4826948e-02	2.1625830e-02
2.6900000e+02	2.6618379e-02	2.4498710e-02	9.6455919e-02	7.4846338e-02	2.1609580e-02
2.7000000e+02	2.6638793e-02	2.4501754e-02	9.6458568e-02	7.4868078e-02	2.1590491e-02
2.7100000e+02	2.6659779e-02	2.4504133e-02	9.6460756e-02	7.4890157e-02	2.1570599e-02
2.7200000e+02	2.6680440e-02	2.4504862e-02	9.6462258e-02	7.4911569e-02	2.1550689e-02
2.7300000e+02	2.6700148e-02	2.4504674e-02	9.6463485e-02	7.4931891e-02	2.1531594e-02
2.7400000e+02	2.6719441e-02	2.4502048e-02	9.6463916e-02	7.4951399e-02	2.1512517e-02
2.7500000e+02	2.6737843e-02	2.4498107e-02	9.6463395e-02	7.4969541e-02	2.1493855e-02
2.7600000e+02	2.6755866e-02	2.4492046e-02	9.6461898e-02	7.4986815e-02	2.1475083e-02
2.7700000e+02	2.6773485e-02	2.4485393e-02	9.6459812e-02	7.5003391e-02	2.1456421e-02
2.7800000e+02	2.6791124e-02	2.4477856e-02	9.6456082e-02	7.5019165e-02	2.1436917e-02
2.7900000e+02	2.6807868e-02	2.4471271e-02	9.6449886e-02	7.5032811e-02	2.1417074e-02
2.8000000e+02	2.6823692e-02	2.4465302e-02	9.6440864e-02	7.5044124e-02	2.1396740e-02
2.8100000e+02	2.6837798e-02	2.4461293e-02	9.6429864e-02	7.5052730e-02	2.1377134e-02
2.8200000e+02	2.6850807e-02	2.4457612e-02	9.6418541e-02	7.5060077e-02	2.1358463e-02
2.8300000e+02	2.6862703e-02	2.4454690e-02	9.6407157e-02	7.5066282e-02	2.1340875e-02
2.8400000e+02	2.6874354e-02	2.4451092e-02	9.6395794e-02	7.5072251e-02	2.1323543e-02
2.8500000e+02	2.6885738e-02	2.4448053e-02	9.6384804e-02	7.5078140e-02	2.1306664e-02
2.8600000e+02	2.6897137e-02	2.4445185e-02	9.6373970e-02	7.5084122e-02	2.1289847e-02
2.8700000e+02	2.6907565e-02	2.4444199e-02	9.6363232e-02	7.5089182e-02	2.1274051e-02
2.8800000e+02	2.6917310e-02	2.4443936e-02	9.6352881e-02	7.5093750e-02	2.1259131e-02
2.8900000e+02	2.6925937e-02	2.4444974e-02	9.6343884e-02	7.5097879e-02	2.1246005e-02
2.9000000e+02	2.6934039e-02	2.4445921e-02	9.6336566e-02	7.5102322e-02	2.1234244e-02
2.9100000e+02	2.6940936e-02	2.4448003e-02	9.6329972e-02	7.5105922e-02	2.1224050e-02
2.9200000e+02	2.6947020e-02	2.4450109e-02	9.6322111e-02	7.5108075e-02	2.1214035e-02
2.9300000e+02	2.6951923e-02	2.4453649e-02	9.6311503e-02	7.5107674e-02	2.1203829e-02
2.9400000e+02	2.6956230e-02	2.4458137e-02	9.6297645e-02	7.5105052e-02	2.1192593e-02
2.9500000e+02	2.6959838e-02	2.4464462e-02	9.6282212e-02	7.5100944e-02	2.1181268e-02
2.9600000e+02	2.6963895e-02	2.4471012e-02	9.6267215e-02	7.5097503e-02	2.1169712e-02
2.9700000e+02	2.6968024e-02	2.4478573e-02	9.6255511e-02	7.5095780e-02	2.1159731e-02
2.9800000e+02	2.6973797e-02	2.4485013e-02	9.6249000e-02	7.5098297e-02	2.1150703e-02
2.9900000e+02	2.6980832e-02	2.4491625e-02	9.6249208e-02	7.5105436e-02	2.1143772e-02
3.0000000e+02	2.6989038e-02	2.4497859e-02	9.6256814e-02	7.5117446e-02	2.1139369e-02
3.0100000e+02	2.6997619e-02	2.4504187e-02	9.6271884e-02	7.5133561e-02	2.1138323e-02
3.0200000e+02	2.7007370e-02	2.4508053e-02	9.6291574e-02	7.5153157e-02	2.1138417e-02
3.0300000e+02	2.7018444e-02	2.4509245e-02	9.6314199e-02	7.5175543e-02	2.1138656e-02
3.0400000e+02	2.7031863e-02	2.4506119e-02	9.6337676e-02	7.5200701e-02	2.1136975e-02
3.0500000e+02	2.7046769e-02	2.4500399e-02	9.6360829e-02	7.5227183e-02	2.1133646e-02
3.0600000e+02	2.7063626e-02	2.4491674e-02	9.6383628e-02	7.5255439e-02	2.1128188e-02
3.0700000e+02	2.7082460e-02	2.4481179e-02	9.6406634e-02	7.5285777e-02	2.1120857e-02
3.0800000e+02	2.7104475e-02	2.4467042e-02	9.6429289e-02	7.5319119e-02	2.1110170e-02
3.0900000e+02	2.7128710e-02	2.4450889e-02	9.6450476e-02	7.5353948e-02	2.1096528e-02
3.1000000e+02	2.7154058e-02	2.4432818e-02	9.6467822e-02	7.5387969e-02	2.1079853e-02
3.1100000e+02	2.7177873e-02	2.4416310e-02	9.6478876e-02	7.5417310e-02	2.1061565e-02
3.1200000e+02	2.7198647e-02	2.4402194e-02	9.6481367e-02	7.5439331e-02	2.1042036e-02
3.1300000e+02	2.7214018e-02	2.4393011e-02	9.6474369e-02	7.5451203e-02	2.1023166e-02
3.1400000e+02	2.7224118e-02	2.4387341e-02	9.6461084e-02	7.5454660e-02	2.1006424e-02
3.1500000e+02	2.7229560e-02	2.4385269e-02	9.6445469e-02	7.5452295e-02	2.0993174e-02
3.1600000e+02	2.7233555e-02	2.4383788e-02	9.6432218e-02	7.5449664e-02	2.0982554e-02
3.1700000e+02	2.7237744e-02	2.4383145e-02	9.6421676e-02	7.5448582e-02	2.0973094e-02
3.1800000e+02	2.7243941e-02	2.4381602e-02	9.6413304e-02	7.5450592e-02	2.0962711e-02
3.1900000e+02	2.7251978e-02	2.4380786e-02	9.6404034e-02	7.5453995e-02	2.0950039e-02
3.2000000e+02	2.7262838e-02	2.4380098e-02	9.6392434e-02	7.5459055e-02	2.0933379e-02
3.2100000e+02	2.7275602e-02	2.4381376e-02	9.6377417e-02	7.5464310e-02	2.0913106e-02
3.2200000e+02	2.7290170e-02	2.4383339e-02	9.6360398e-02	7.5470369e-02	2.0890029e-02
3.2300000e+02	2.7304651e-02	2.4386560e-02	9.6342125e-02	7.5475714e-02	2.0866411e-02
3.2400000e+02	2.7319266e-02	2.4388856e-02	9.6324441e-02	7.5481486e-02	2.0842955e-02
3.2500000e+02	2.7333618e-02	2.4391301e-02	9.6307378e-02	7.5487307e-02	2.0820071e-02
3.2600000e+02	2.7348635e-02	2.4392791e-02	9.6290657e-02	7.5493963e-02	2.0796694e-02
3.2700000e+02	2.7363873e-02	2.4394626e-02	9.6273014e-02	7.5500380e-02	2.0772634e-02
3.2800000e+02	2.7379753e-02	2.4395362e-02	9.6253650e-02	7.5506578e-02	2.0747073e-02
3.2900000e+02	2.7395383e-02	2.4396043e-02	9.6232408e-02	7.5511587e-02	2.0720821e-02
3.3000000e+02	2.7411457e-02	2.4395496e-02	9.6211031e-02	7.5516972e-02	2.0694058e-02
3.3100000e+02	2.7426802e-02	2.4395514e-02	9.6191955e-02	7.5522779e-02	2.0669176e-02
3.3200000e+02	2.7442350e-02	2.4395325e-02	9.6176032e-02	7.5530366e-02	2.0645666e-02
3.3300000e+02	2.7458720e-02	2.4396523e-02	9.6163776e-02	7.5540608e-02	2.0623168e-02
3.3400000e+02	2.7477410e-02	2.4398074e-02	9.6155358e-02	7.5555089e-02	2.0600269e-02
3.3500000e+02	2.7497870e-02	2.4401126e-02	9.6150531e-02	7.5573136e-02	2.0577395e-02
3.3600000e+02	2.7518673e-02	2.4404217e-02	9.6147604e-02	7.5592475e-02	2.0555129e-02
3.3700000e+02	2.7537582e-02	2.4408600e-02	9.6144628e-02	7.5609896e-02	2.0534732e-02
3.3800000e+02	2.7554644e-02	2.4413000e-02	9.6139743e-02	7.5624515e-02	2.0515228e-02
3.3900000e+02	2.7570590e-02	2.4419056e-02	9.6132745e-02	7.5636962e-02	2.0495782e-02
3.4000000e+02	2.7586512e-02	2.4425394e-02	9.6124272e-02	7.5648648e-02	2.0475624e-02
3.4100000e+02	2.7602202e-02	2.4432796e-02	9.6115579e-02	7.5659991e-02	2.0455588e-02
3.4200000e+02	2.7617537e-02	2.4438727e-02	9.6107577e-02	7.5671326e-02	2.0436251e-02
3.4300000e+02	2.7632261e-02	2.4444070e-02	9.6101030e-02	7.5682776e-02	2.0418254e-02
3.4400000e+02	2.7647009e-02	2.4447435e-02	9.6095255e-02	7.5694636e-02	2.0400619e-02
3.4500000e+02	2.7662287e-02	2.4450495e-02	9.6089561e-02	7.5707067e-02	2.0382494e-02
3.4600000e+02	2.7680401e-02	2.4452187e-02	9.6083482e-02	7.5722142e-02	2.0361340e-02
3.4700000e+02	2.7701937e-02	2.4453863e-02	9.6077637e-02	7.5740756e-02	2.0336881e-02
3.4800000e+02	2.7726441e-02	2.4454172e-02	9.6072272e-02	7.5762577e-02	2.0309695e-02
3.4900000e+02	2.7751400e-02	2.4454401e-02	9.6066886e-02	7.5784843e-02	2.0282043e-02
3.5000000e+02	2.7775162e-02	2.4453293e-02	9.6060963e-02	7.5805644e-02	2.0255320e-02
3.5100000e+02	2.7797100e-02	2.4452169e-02	9.6054505e-02	7.5824353e-02	2.0230153e-02
3.5200000e+02	2.7818750e-02	2.4449834e-02	9.6047555e-02	7.5842527e-02	2.0205028e-02
3.5300000e+02	2.7840280e-02	2.4447602e-02	9.6040288e-02	7.5860423e-02	2.0179864e-02
3.5400000e+02	2.7861908e-02	2.4444352e-02	9.6032093e-02	7.5877954e-02	2.0154138e-02
3.5500000e+02	2.7881950e-02	2.4441816e-02	9.6022667e-02	7.5893284e-02	2.0129383e-02
3.5600000e+02	2.7900704e-02	2.4438806e-02	9.6011606e-02	7.5906507e-02	2.0105099e-02
3.5700000e+02	2.7917727e-02	2.4436631e-02	9.5998956e-02	7.5917205e-02	2.0081751e-02
3.5800000e+02	2.7934084e-02	2.4434026e-02	9.5984899e-02	7.5926534e-02	2.0058365e-02
3.5900000e+02	2.7950377e-02	2.4432582e-02	9.5970151e-02	7.5935452e-02	2.0034699e-02
3.6000000e+02	2.7967734e-02	2.4431274e-02	9.5955530e-02	7.5945499e-02	2.0010031e-02
3.6100000e+02	2.7985193e-02	2.4431644e-02	9.5941800e-02	7.5956093e-02	1.9985706e-02
3.6200000e+02	2.8001751e-02	2.4432249e-02	9.5929109e-02	7.5966306e-02	1.9962803e-02
3.6300000e+02	2.8016214e-02	2.4434288e-02	9.5917139e-02	7.5974783e-02	1.9942355e-02
3.6400000e+02	2.8029448e-02	2.4436225e-02	9.5904934e-02	7.5981915e-02	1.9923020e-02
3.6500000e+02	2.8041862e-02	2.4439281e-02	9.5892252e-02	7.5987989e-02	1.9904264e-02
3.6600000e+02	2.8055047e-02	2.4441700e-02	9.5878690e-02	7.5994392e-02	1.9884298e-02
3.6700000e+02	2.8068721e-02	2.4444785e-02	9.5864640e-02	7.6001041e-02	1.9863599e-02
3.6800000e+02	2.8083376e-02	2.4446838e-02	9.5850156e-02	7.6008454e-02	1.9841702e-02
3.6900000e+02	2.8098174e-02	2.4448942e-02	9.5835724e-02	7.6016037e-02	1.9819688e-02
3.7000000e+02	2.8113374e-02	2.4449941e-02	9.5820793e-02	7.6023771e-02	1.9797022e-02
3.7100000e+02	2.8128045e-02	2.4451675e-02	9.5804876e-02	7.6030483e-02	1.9774393e-02
3.7200000e+02	2.8143420e-02	2.4453388e-02	9.5787650e-02	7.6037245e-02	1.9750406e-02
3.7300000e+02	2.8160899e-02	2.4456074e-02	9.5770528e-02	7.6046163e-02	1.9724365e-02
3.7400000e+02	2.8182524e-02	2.4457954e-02	9.5755568e-02	7.6060308e-02	1.9695260e-02
3.7500000e+02	2.8208252e-02	2.4459807e-02	9.5745216e-02	7.6080860e-02	1.9664356e-02
3.7600000e+02	2.8237121e-02	2.4460438e-02	9.5740738e-02	7.6107490e-02	1.9633248e-02
3.7700000e+02	2.8266141e-02	2.4461410e-02	9.5742616e-02	7.6137449e-02	1.9605167e-02
3.7800000e+02	2.8293459e-02	2.4461642e-02	9.5748914e-02	7.6167916e-02	1.9580998e-02
3.7900000e+02	2.8318567e-02	2.4461950e-02	9.5757677e-02	7.6197406e-02	1.9560271e-02
3.8000000e+02	2.8343581e-02	2.4460464e-02	9.5765811e-02	7.6226486e-02	1.9539324e-02
3.8100000e+02	2.8370066e-02	2.4457835e-02	9.5771565e-02	7.6255848e-02	1.9515717e-02
3.8200000e+02	2.8398734e-02	2.4452692e-02	9.5772518e-02	7.6284993e-02	1.9487525e-02
3.8300000e+02	2.8427898e-02	2.4447090e-02	9.5768079e-02	7.6311937e-02	1.9456142e-02
3.8400000e+02	2.8455390e-02	2.4441041e-02	9.5758645e-02	7.6334712e-02	1.9423933e-02
3.8500000e+02	2.8479790e-02	2.4437045e-02	9.5745909e-02	7.6352744e-02	1.9393165e-02
3.8600000e+02	2.8501723e-02	2.4434533e-02	9.5731662e-02	7.6367554e-02	1.9364108e-02
3.8700000e+02	2.8520315e-02	2.4434896e-02	9.5718649e-02	7.6379639e-02	1.9339009e-02
3.8800000e+02	2.8535649e-02	2.4436046e-02	9.5708519e-02	7.6389908e-02	1.9318611e-02
3.8900000e+02	2.8547736e-02	2.4438290e-02	9.5701499e-02	7.6398485e-02	1.9303013e-02
3.9000000e+02	2.8558375e-02	2.4439680e-02	9.5696389e-02	7.6406570e-02	1.9289819e-02
3.9100000e+02	2.8568844e-02	2.4440995e-02	9.5692266e-02	7.6414977e-02	1.9277289e-02
3.9200000e+02	2.8580837e-02	2.4441156e-02	9.5687894e-02	7.6424784e-02	1.9263109e-02
3.9300000e+02	2.8593782e-02	2.4441605e-02	9.5682534e-02	7.6435048e-02	1.9247485e-02
3.9400000e+02	2.8607126e-02	2.4441131e-02	9.5675233e-02	7.6444743e-02	1.9230490e-02
3.9500000e+02	2.8619044e-02	2.4440798e-02	9.5665442e-02	7.6451765e-02	1.9213677e-02
3.9600000e+02	2.8629808e-02	2.4439423e-02	9.5653132e-02	7.6456374e-02	1.9196757e-02
3.9700000e+02	2.8639352e-02	2.4438418e-02	9.5638016e-02	7.6458360e-02	1.9179656e-02
3.9800000e+02	2.8649339e-02	2.4437298e-02	9.5619542e-02	7.6459110e-02	1.9160432e-02
3.9900000e+02	2.8661036e-02	2.4437760e-02	9.5597520e-02	7.6459795e-02	1.9137724e-02
4.0000000e+02	2.8675984e-02	2.4438629e-02	9.5573356e-02	7.6462663e-02	1.9110694e-02
4.0100000e+02	2.8693342e-02	2.4440405e-02	9.5549822e-02	7.6468253e-02	1.9081569e-02
4.0200000e+02	2.8710813e-02	2.4441156e-02	9.5529326e-02	7.6475476e-02	1.9053850e-02
4.0300000e+02	2.8726308e-02	2.4442080e-02	9.5511937e-02	7.6482276e-02	1.9029660e-02
4.0400000e+02	2.8740443e-02	2.4442777e-02	9.5496127e-02	7.6488507e-02	1.9007621e-02
4.0500000e+02	2.8753927e-02	2.4445082e-02	9.5480916e-02	7.6494385e-02	1.8986531e-02
4.0600000e+02	2.8768341e-02	2.4447612e-02	9.5466657e-02	7.6501670e-02	1.8964987e-02
4.0700000e+02	2.8783635e-02	2.4450949e-02	9.5454232e-02	7.6510751e-02	1.8943481e-02
4.0800000e+02	2.8790442e-02	2.4449772e-02	9.5450284e-02	7.6515584e-02	1.8934700e-02
4.0900000e+02	2.8812427e-02	2.4454355e-02	9.5435865e-02	7.6530359e-02	1.8905506e-02
4.1000000e+02	2.8835239e-02	2.4457359e-02	9.5422604e-02	7.6546541e-02	1.8876063e-02
4.1100000e+02	2.8856114e-02	2.4459747e-02	9.5411999e-02	7.6562113e-02	1.8849886e-02
4.1200000e+02	2.8863730e-02	2.4458521e-02	9.5408433e-02	7.6567947e-02	1.8840487e-02
4.1300000e+02	2.8891498e-02	2.4461528e-02	9.5395357e-02	7.6589176e-02	1.8806181e-02
4.1400000e+02	2.8920874e-02	2.4464034e-02	9.5381381e-02	7.6611565e-02	1.8769817e-02
4.1500000e+02	2.8946835e-02	2.4466921e-02	9.5368017e-02	7.6630843e-02	1.8737173e-02
4.1600000e+02	2.8955815e-02	2.4466801e-02	9.5363219e-02	7.6637425e-02	1.8725794e-02
4.1700000e+02	2.8980825e-02	2.4470027e-02	9.5345859e-02	7.6653755e-02	1.8692104e-02
4.1800000e+02	2.9005965e-02	2.4472706e-02	9.5327873e-02	7.6669902e-02	1.8657971e-02
4.1900000e+02	2.9029971e-02	2.4475804e-02	9.5310815e-02	7.6685379e-02	1.8625437e-02
4.2000000e+02	2.9039511e-02	2.4476510e-02	9.5304920e-02	7.6691971e-02	1.8612948e-02
4.2100000e+02	2.9069181e-02	2.4479281e-02	9.5284458e-02	7.6711410e-02	1.8573048e-02
4.2200000e+02	2.9099520e-02	2.4481199e-02	9.5263956e-02	7.6731498e-02	1.8532459e-02
4.2300000e+02	2.9127631e-02	2.4483517e-02	9.5245840e-02	7.6750551e-02	1.8495289e-02
4.2400000e+02	2.9152982e-02	2.4485098e-02	9.5231075e-02	7.6768519e-02	1.8462556e-02
4.2500000e+02	2.9176844e-02	2.4487329e-02	9.5218543e-02	7.6786116e-02	1.8432427e-02
4.2600000e+02	2.9200785e-02	2.4489049e-02	9.5207209e-02	7.6804389e-02	1.8402820e-02
4.2700000e+02	2.9225265e-02	2.4491355e-02	9.5196340e-02	7.6823435e-02	1.8372905e-02
4.2800000e+02	2.9250500e-02	2.4492778e-02	9.5185700e-02	7.6843350e-02	1.8342349e-02
4.2900000e+02	2.9275638e-02	2.4494349e-02	9.5175519e-02	7.6863397e-02	1.8312122e-02
4.3000000e+02	2.9300628e-02	2.4494712e-02	9.5165931e-02	7.6883593e-02	1.8282338e-02
4.3100000e+02	2.9325194e-02	2.4494824e-02	9.5157115e-02	7.6903751e-02	1.8253364e-02
4.3200000e+02	2.9350324e-02	2.4493297e-02	9.5148645e-02	7.6924647e-02	1.8223998e-02
4.3300000e+02	2.9375652e-02	2.4491379e-02	9.5140204e-02	7.6945754e-02	1.8194450e-02
4.3400000e+02	2.9401099e-02	2.4488115e-02	9.5131392e-02	7.6966794e-02	1.8164597e-02
4.3500000e+02	2.9425681e-02	2.4485195e-02	9.5122161e-02	7.6986761e-02	1.8135400e-02
4.3600000e+02	2.9449123e-02	2.4481996e-02	9.5112426e-02	7.7005336e-02	1.8107090e-02
4.3700000e+02	2.9470512e-02	2.4480195e-02	9.5102232e-02	7.7021627e-02	1.8080604e-02
4.3800000e+02	2.9489840e-02	2.4479060e-02	9.5091320e-02	7.7035500e-02	1.8055820e-02
4.3900000e+02	2.9507011e-02	2.4479617e-02	9.5079700e-02	7.7046861e-02	1.8032839e-02
4.4000000e+02	2.9523081e-02	2.4480322e-02	9.5067318e-02	7.7056740e-02	1.8010578e-02
4.4100000e+02	2.9538576e-02	2.4481729e-02	9.5054722e-02	7.7065937e-02	1.7988785e-02
4.4200000e+02	2.9554377e-02	2.4482235e-02	9.5042446e-02	7.7075600e-02	1.7966846e-02
4.4300000e+02	2.9570309e-02	2.4482969e-02	9.5030883e-02	7.7085751e-02	1.7945132e-02
4.4400000e+02	2.9586614e-02	2.4483088e-02	9.5019800e-02	7.7096514e-02	1.7923286e-02
4.4500000e+02	2.9603144e-02	2.4484043e-02	9.5008862e-02	7.7107575e-02	1.7901287e-02
4.4600000e+02	2.9620272e-02	2.4484635e-02	9.4997937e-02	7.7119240e-02	1.7878697e-02
4.4700000e+02	2.9637973e-02	2.4485831e-02	9.4987526e-02	7.7131736e-02	1.7855789e-02
4.4800000e+02	2.9656231e-02	2.4486302e-02	9.4978166e-02	7.7145314e-02	1.7832851e-02
4.4900000e+02	2.9674373e-02	2.4487342e-02	9.4970382e-02	7.7159564e-02	1.7810818e-02
4.5000000e+02	2.9691807e-02	2.4487874e-02	9.4963998e-02	7.7173806e-02	1.7790191e-02
4.5100000e+02	2.9708388e-02	2.4489088e-02	9.4958384e-02	7.7187580e-02	1.7770804e-02
4.5200000e+02	2.9724544e-02	2.4489800e-02	9.4952407e-02	7.7200747e-02	1.7751660e-02
4.5300000e+02	2.9740635e-02	2.4491209e-02	9.4945598e-02	7.7213434e-02	1.7732164e-02
4.5400000e+02	2.9757299e-02	2.4492190e-02	9.4937455e-02	7.7226026e-02	1.7711429e-02
4.5500000e+02	2.9774421e-02	2.4493847e-02	9.4928299e-02	7.7238571e-02	1.7689728e-02
4.5600000e+02	2.9792193e-02	2.4495005e-02	9.4918308e-02	7.7251347e-02	1.7666962e-02
4.5700000e+02	2.9810265e-02	2.4496700e-02	9.4908265e-02	7.7264397e-02	1.7643868e-02
4.5800000e+02	2.9828732e-02	2.4497830e-02	9.4898211e-02	7.7277838e-02	1.7620373e-02
4.5900000e+02	2.9846749e-02	2.4499729e-02	9.4888163e-02	7.7290830e-02	1.7597333e-02
4.6000000e+02	2.9864572e-02	2.4501183e-02	9.4878177e-02	7.7303660e-02	1.7574516e-02
4.6100000e+02	2.9881940e-02	2.4503222e-02	9.4868804e-02	7.7316342e-02	1.7552463e-02
4.6200000e+02	2.9899205e-02	2.4504690e-02	9.4860312e-02	7.7329361e-02	1.7530951e-02
4.6300000e+02	2.9916264e-02	2.4506606e-02	9.4853256e-02	7.7342892e-02	1.7510364e-02
4.6400000e+02	2.9933593e-02	2.4507492e-02	9.4847514e-02	7.7357350e-02	1.7490164e-02
4.6500000e+02	2.9950824e-02	2.4508273e-02	9.4842961e-02	7.7372304e-02	1.7470657e-02
4.6600000e+02	2.9968004e-02	2.4507716e-02	9.4839461e-02	7.7387735e-02	1.7451726e-02
4.6700000e+02	2.9984818e-02	2.4507046e-02	9.4837008e-02	7.7403322e-02	1.7433686e-02
4.6800000e+02	3.0001623e-02	2.4505277e-02	9.4835238e-02	7.7419243e-02	1.7415996e-02
4.6900000e+02	3.0018455e-02	2.4503759e-02	9.4833863e-02	7.7435386e-02	1.7398477e-02
4.7000000e+02	3.0036000e-02	2.4501516e-02	9.4832100e-02	7.7452050e-02	1.7380050e-02
4.7100000e+02	3.0054220e-02	2.4499756e-02	9.4829217e-02	7.7468828e-02	1.7360388e-02
4.7200000e+02	3.0073277e-02	2.4497545e-02	9.4823904e-02	7.7485229e-02	1.7338675e-02
4.7300000e+02	3.0092591e-02	2.4496272e-02	9.4814911e-02	7.7500046e-02	1.7314864e-02
4.7400000e+02	3.0111345e-02	2.4495133e-02	9.4801753e-02	7.7512221e-02	1.7289532e-02
4.7500000e+02	3.0127764e-02	2.4495454e-02	9.4785198e-02	7.7520363e-02	1.7264836e-02
4.7600000e+02	3.0140550e-02	2.4495833e-02	9.4769230e-02	7.7525165e-02	1.7244065e-02
4.7700000e+02	3.0149985e-02	2.4497060e-02	9.4756222e-02	7.7528096e-02	1.7228126e-02
4.7800000e+02	3.0158360e-02	2.4497813e-02	9.4746256e-02	7.7531489e-02	1.7214768e-02
4.7900000e+02	3.0167219e-02	2.4499300e-02	9.4737416e-02	7.7535927e-02	1.7201489e-02
4.8000000e+02	3.0178403e-02	2.4500277e-02	9.4728298e-02	7.7542552e-02	1.7185746e-02
4.8100000e+02	3.0192399e-02	2.4501999e-02	9.4718094e-02	7.7551446e-02	1.7166648e-02
4.8200000e+02	3.0209496e-02	2.4503221e-02	9.4706818e-02	7.7562905e-02	1.7143913e-02
4.8300000e+02	3.0228536e-02	2.4504935e-02	9.4695154e-02	7.7576114e-02	1.7119041e-02
4.8400000e+02	3.0247692e-02	2.4505613e-02	9.4684370e-02	7.7589877e-02	1.7094493e-02
4.8500000e+02	3.0265456e-02	2.4506335e-02	9.4674937e-02	7.7602925e-02	1.7072012e-02
4.8600000e+02	3.0282036e-02	2.4506035e-02	9.4666547e-02	7.7615310e-02	1.7051237e-02
4.8700000e+02	3.0298466e-02	2.4506211e-02	9.4658201e-02	7.7627567e-02	1.7030634e-02
4.8800000e+02	3.0316634e-02	2.4505669e-02	9.4648965e-02	7.7641116e-02	1.7007849e-02
4.8900000e+02	3.0337724e-02	2.4505525e-02	9.4637962e-02	7.7656704e-02	1.6981257e-02
4.9000000e+02	3.0362946e-02	2.4504415e-02	9.4624481e-02	7.7675186e-02	1.6949295e-02
4.9100000e+02	3.0392019e-02	2.4503579e-02	9.4608232e-02	7.7696135e-02	1.6912097e-02
4.9200000e+02	3.0423598e-02	2.4502031e-02	9.4589943e-02	7.7718570e-02	1.6871373e-02
4.9300000e+02	3.0455818e-02	2.4501309e-02	9.4570422e-02	7.7741029e-02	1.6829393e-02
4.9400000e+02	3.0486442e-02	2.4500677e-02	9.4551266e-02	7.7762074e-02	1.6789191e-02
4.9500000e+02	3.0514783e-02	2.4501543e-02	9.4532952e-02	7.7781259e-02	1.6751694e-02
4.9600000e+02	3.0540606e-02	2.4502735e-02	9.4516082e-02	7.7798646e-02	1.6717435e-02
4.9700000e+02	3.0564965e-02	2.4505203e-02	9.4500091e-02	7.7815011e-02	1.6685080e-02
4.9800000e+02	3.0589038e-02	2.4507481e-02	9.4484742e-02	7.7831408e-02	1.6653333e-02
4.9900000e+02	3.0613722e-02	2.4510637e-02	9.4469701e-02	7.7848572e-02	1.6621128e-02
5.0000000e+02	3.0639651e-02	2.4513434e-02	9.4455092e-02	7.7867196e-02	1.6587895e-02
5.0100000e+02	3.0667366e-02	2.4516996e-02	9.4441090e-02	7.7887911e-02	1.6553178e-02
5.0200000e+02	3.0696359e-02	2.4519940e-02	9.4428568e-02	7.7910643e-02	1.6517925e-02
5.0300000e+02	3.0724294e-02	2.4523262e-02	9.4418796e-02	7.7933692e-02	1.6485103e-02
5.0400000e+02	3.0746956e-02	2.4525581e-02	9.4412287e-02	7.7953100e-02	1.6459188e-02
5.0500000e+02	3.0763645e-02	2.4527947e-02	9.4407841e-02	7.7967566e-02	1.6440276e-02
5.0600000e+02	3.0777141e-02	2.4529106e-02	9.4403615e-02	7.7978948e-02	1.6424666e-02
5.0700000e+02	3.0790446e-02	2.4530349e-02	9.4398965e-02	7.7989928e-02	1.6409036e-02
5.0800000e+02	3.0805805e-02	2.4530520e-02	9.4393551e-02	7.8002581e-02	1.6390970e-02
5.0900000e+02	3.0823699e-02	2.4530785e-02	9.4387472e-02	7.8017434e-02	1.6370037e-02
5.1000000e+02	3.0843750e-02	2.4529974e-02	9.4380754e-02	7.8034127e-02	1.6346627e-02
5.1100000e+02	3.0864220e-02	2.4529378e-02	9.4373639e-02	7.8051039e-02	1.6322600e-02
5.1200000e+02	3.0872431e-02	2.4528242e-02	9.4371506e-02	7.8058184e-02	1.6313322e-02
5.1300000e+02	3.0895388e-02	2.4527326e-02	9.4361853e-02	7.8076314e-02	1.6285539e-02
5.1400000e+02	3.0914316e-02	2.4526090e-02	9.4352683e-02	7.8090658e-02	1.6262025e-02
5.1500000e+02	3.0919269e-02	2.4525896e-02	9.4351089e-02	7.8094814e-02	1.6256275e-02
5.1600000e+02	3.0927575e-02	2.4525737e-02	9.4344372e-02	7.8099761e-02	1.6244611e-02
5.1700000e+02	3.0931478e-02	2.4526655e-02	9.4338755e-02	7.8100856e-02	1.6237899e-02
5.1800000e+02	3.0933138e-02	2.4526399e-02	9.4337671e-02	7.8101973e-02	1.6235698e-02
5.1900000e+02	3.0935375e-02	2.4528039e-02	9.4333722e-02	7.8102236e-02	1.6231486e-02
5.2000000e+02	3.0940009e-02	2.4529037e-02	9.4329210e-02	7.8104614e-02	1.6224596e-02
5.2100000e+02	3.0946480e-02	2.4530466e-02	9.4324262e-02	7.8108611e-02	1.6215651e-02
5.2200000e+02	3.0949765e-02	2.4530510e-02	9.4322450e-02	7.8110990e-02	1.6211460e-02
5.2300000e+02	3.0962656e-02	2.4531658e-02	9.4315643e-02	7.8120478e-02	1.6195165e-02
5.2400000e+02	3.0977042e-02	2.4531893e-02	9.4308041e-02	7.8131063e-02	1.6176979e-02
5.2500000e+02	3.0990095e-02	2.4532530e-02	9.4300631e-02	7.8140411e-02	1.6160220e-02
5.2600000e+02	3.1000647e-02	2.4532553e-02	9.4294368e-02	7.8147831e-02	1.6146537e-02
5.2700000e+02	3.1009377e-02	2.4533117e-02	9.4288894e-02	7.8153824e-02	1.6135070e-02
5.2800000e+02	3.1018876e-02	2.4533064e-02	9.4283225e-02	7.8160489e-02	1.6122736e-02
5.2900000e+02	3.1030802e-02	2.4533515e-02	9.4276236e-02	7.8168920e-02	1.6107316e-02
5.3000000e+02	3.1046584e-02	2.4533433e-02	9.4267184e-02	7.8180176e-02	1.6087008e-02
5.3100000e+02	3.1066615e-02	2.4534009e-02	9.4255519e-02	7.8194374e-02	1.6061144e-02
5.3200000e+02	3.1090297e-02	2.4534225e-02	9.4241716e-02	7.8211155e-02	1.6030561e-02
5.3300000e+02	3.1116934e-02	2.4535146e-02	9.4226074e-02	7.8229971e-02	1.5996103e-02
5.3400000e+02	3.1145282e-02	2.4535694e-02	9.4209756e-02	7.8250160e-02	1.5959596e-02
5.3500000e+02	3.1174622e-02	2.4537044e-02	9.4193035e-02	7.8271139e-02	1.5921896e-02
5.3600000e+02	3.1204215e-02	2.4538039e-02	9.4176722e-02	7.8292576e-02	1.5884146e-02
5.3700000e+02	3.1233851e-02	2.4539813e-02	9.4160708e-02	7.8314205e-02	1.5846503e-02
5.3800000e+02	3.1263321e-02	2.4541162e-02	9.4145178e-02	7.8335910e-02	1.5809269e-02
5.3900000e+02	3.1293011e-02	2.4543207e-02	9.4129584e-02	7.8357803e-02	1.5771781e-02
5.4000000e+02	3.1322599e-02	2.4544769e-02	9.4113991e-02	7.8379595e-02	1.5734397e-02
5.4100000e+02	3.1351944e-02	2.4547006e-02	9.4098166e-02	7.8401027e-02	1.5697139e-02
5.4200000e+02	3.1380219e-02	2.4548655e-02	9.4082610e-02	7.8421524e-02	1.5661086e-02
5.4300000e+02	3.1406735e-02	2.4550868e-02	9.4067631e-02	7.8440550e-02	1.5627080e-02
5.4400000e+02	3.1430610e-02	2.4552432e-02	9.4053868e-02	7.8457544e-02	1.5596325e-02
5.4500000e+02	3.1451203e-02	2.4554511e-02	9.4041475e-02	7.8471941e-02	1.5569534e-02
5.4600000e+02	3.1467676e-02	2.4555833e-02	9.4031000e-02	7.8483176e-02	1.5547824e-02
5.4700000e+02	3.1479153e-02	2.4557565e-02	9.4022632e-02	7.8490469e-02	1.5532163e-02
5.4800000e+02	3.1485550e-02	2.4558479e-02	9.4016624e-02	7.8493862e-02	1.5522762e-02
5.4900000e+02	3.1487075e-02	2.4559655e-02	9.4012772e-02	7.8493461e-02	1.5519311e-02
5.5000000e+02	3.1485551e-02	2.4559880e-02	9.4010463e-02	7.8490783e-02	1.5519681e-02
5.5100000e+02	3.1481305e-02	2.4560288e-02	9.4009552e-02	7.8486081e-02	1.5523471e-02
5.5200000e+02	3.1476029e-02	2.4559887e-02	9.4009448e-02	7.8480753e-02	1.5528695e-02
5.5300000e+02	3.1469504e-02	2.4559882e-02	9.4010143e-02	7.8474576e-02	1.5535567e-02
5.5400000e+02	3.1462897e-02	2.4559267e-02	9.4011080e-02	7.8468437e-02	1.5542643e-02
5.5500000e+02	3.1455353e-02	2.4559207e-02	9.4012634e-02	7.8461670e-02	1.5550964e-02
5.5600000e+02	3.1447559e-02	2.4558715e-02	9.4014434e-02	7.8454776e-02	1.5559658e-02
5.5700000e+02	3.1438368e-02	2.4558998e-02	9.4016966e-02	7.8446851e-02	1.5570114e-02
5.5800000e+02	3.1428697e-02	2.4558985e-02	9.4019886e-02	7.8438640e-02	1.5581246e-02
5.5900000e+02	3.1417971e-02	2.4559658e-02	9.4023731e-02	7.8429837e-02	1.5593895e-02
5.6000000e+02	3.1407759e-02	2.4559737e-02	9.4027968e-02	7.8421743e-02	1.5606225e-02
5.6100000e+02	3.1397991e-02	2.4560178e-02	9.4032722e-02	7.8414352e-02	1.5618370e-02
5.6200000e+02	3.1390197e-02	2.4559950e-02	9.4037089e-02	7.8408742e-02	1.5628348e-02
5.6300000e+02	3.1384165e-02	2.4560199e-02	9.4041078e-02	7.8404704e-02	1.5636374e-02
5.6400000e+02	3.1381228e-02	2.4559809e-02	9.4043734e-02	7.8403095e-02	1.5640639e-02
5.6500000e+02	3.1380639e-02	2.4559856e-02	9.4045341e-02	7.8403309e-02	1.5642032e-02
5.6600000e+02	3.1382410e-02	2.4559244e-02	9.4045714e-02	7.8405267e-02	1.5640447e-02
5.6700000e+02	3.1385363e-02	2.4559127e-02	9.4045394e-02	7.8408060e-02	1.5637334e-02
5.6800000e+02	3.1389524e-02	2.4558420e-02	9.4044288e-02	7.8411668e-02	1.5632620e-02
5.6900000e+02	3.1393906e-02	2.4558449e-02	9.4042886e-02	7.8415349e-02	1.5627537e-02
5.7000000e+02	3.1398840e-02	2.4557998e-02	9.4041176e-02	7.8419429e-02	1.5621748e-02
5.7100000e+02	3.1403941e-02	2.4558036e-02	9.4039491e-02	7.8423686e-02	1.5615804e-02
5.7200000e+02	3.1409681e-02	2.4557287e-02	9.4037802e-02	7.8428582e-02	1.5609220e-02
5.7300000e+02	3.1415780e-02	2.4556884e-02	9.4036167e-02	7.8433864e-02	1.5602303e-02
5.7400000e+02	3.1422768e-02	2.4555740e-02	9.4034191e-02	7.8439863e-02	1.5594328e-02
5.7500000e+02	3.1430204e-02	2.4555041e-02	9.4031748e-02	7.8446078e-02	1.5585670e-02
5.7600000e+02	3.1438358e-02	2.4553757e-02	9.4028556e-02	7.8452636e-02	1.5575920e-02
5.7700000e+02	3.1446792e-02	2.4553125e-02	9.4024640e-02	7.8459112e-02	1.5565528e-02
5.7800000e+02	3.1455771e-02	2.4552145e-02	9.4019814e-02	7.8465678e-02	1.5554136e-02
5.7900000e+02	3.1465282e-02	2.4551932e-02	9.4014003e-02	7.8472284e-02	1.5541719e-02
5.8000000e+02	3.1475936e-02	2.4551447e-02	9.4006997e-02	7.8479434e-02	1.5527563e-02
5.8100000e+02	3.1487884e-02	2.4551797e-02	9.3998600e-02	7.8487184e-02	1.5511416e-02
5.8200000e+02	3.1501292e-02	2.4551906e-02	9.3989033e-02	7.8495808e-02	1.5493225e-02
5.8300000e+02	3.1515986e-02	2.4552792e-02	9.3978518e-02	7.8505244e-02	1.5473273e-02
5.8400000e+02	3.1532233e-02	2.4553241e-02	9.3967430e-02	7.8515948e-02	1.5451482e-02
5.8500000e+02	3.1549598e-02	2.4554388e-02	9.3956012e-02	7.8527604e-02	1.5428408e-02
5.8600000e+02	3.1568134e-02	2.4555042e-02	9.3944660e-02	7.8540464e-02	1.5404196e-02
5.8700000e+02	3.1587367e-02	2.4556172e-02	9.3933505e-02	7.8554120e-02	1.5379385e-02
5.8800000e+02	3.1607071e-02	2.4556520e-02	9.3922712e-02	7.8568427e-02	1.5354285e-02
5.8900000e+02	3.1626768e-02	2.4557124e-02	9.3912184e-02	7.8582860e-02	1.5329323e-02
5.9000000e+02	3.1646061e-02	2.4556909e-02	9.3902048e-02	7.8597085e-02	1.5304963e-02
5.9100000e+02	3.1664424e-02	2.4557104e-02	9.3892369e-02	7.8610608e-02	1.5281760e-02
5.9200000e+02	3.1681661e-02	2.4556756e-02	9.3883300e-02	7.8623311e-02	1.5259989e-02
5.9300000e+02	3.1697205e-02	2.4557022e-02	9.3875049e-02	7.8634729e-02	1.5240319e-02
5.9400000e+02	3.1710960e-02	2.4556757e-02	9.3867747e-02	7.8644833e-02	1.5222914e-02
5.9500000e+02	3.1722389e-02	2.4557004e-02	9.3861507e-02	7.8653143e-02	1.5208365e-02
5.9600000e+02	3.1731261e-02	2.4556657e-02	9.3856349e-02	7.8659436e-02	1.5196913e-02
5.9700000e+02	3.1736627e-02	2.4556837e-02	9.3852458e-02	7.8662856e-02	1.5189602e-02
5.9800000e+02	3.1738293e-02	2.4556536e-02	9.3849930e-02	7.8663258e-02	1.5186672e-02
5.9900000e+02	3.1737977e-02	2.4557031e-02	9.3849690e-02	7.8662822e-02	1.5186868e-02
6.0000000e+02	3.1731107e-02	2.4557232e-02	9.3849882e-02	7.8656048e-02	1.5193833e-02
