# Force coefficients
# liftDir     : (0.0000000e+00 0.0000000e+00 1.0000000e+00)
# dragDir     : (1.0000000e+00 0.0000000e+00 0.0000000e+00)
# pitchAxis   : (0.0000000e+00 1.0000000e+00 0.0000000e+00)
# magUInf     : 4.4700000e+01
# lRef        : 2.9250000e-01
# Aref        : 5.3500000e-01
# CofR        : (0.0000000e+00 0.0000000e+00 0.0000000e+00)
# Time        	Cm            	Cd            	Cl            	Cl(f)         	Cl(r)         	Cm	Cd	Cl	Cl(f)	Cl(r)
1.0000000e+00	6.1003050e-02	8.6163050e-02	1.1311445e-01	1.1756027e-01	-4.4458264e-03
2.0000000e+00	1.1198924e-01	1.0584183e-01	2.6813747e-01	2.4605798e-01	2.2079498e-02
3.0000000e+00	1.3615604e-01	1.0435946e-01	3.3815266e-01	3.0523237e-01	3.2920287e-02
4.0000000e+00	1.3005312e-01	6.9995952e-02	3.0013750e-01	2.8012187e-01	2.0015629e-02
5.0000000e+00	9.9826156e-02	1.8079924e-02	2.0149272e-01	2.0057251e-01	9.2020271e-04
6.0000000e+00	6.1068452e-02	-1.2709687e-02	1.3704096e-01	1.2958893e-01	7.4520286e-03
7.0000000e+00	3.7737802e-02	-3.6350488e-03	1.6021656e-01	1.1784608e-01	4.2370480e-02
8.0000000e+00	3.1345995e-02	3.0920764e-02	2.4993216e-01	1.5631208e-01	9.3620086e-02
9.0000000e+00	4.4557847e-02	6.7133889e-02	3.6157851e-01	2.2534710e-01	1.3623141e-01
1.0000000e+01	6.6780517e-02	7.8768379e-02	4.2037562e-01	2.7696833e-01	1.4340729e-01
1.1000000e+01	8.3325143e-02	6.5923377e-02	4.1523391e-01	2.9094210e-01	1.2429181e-01
1.2000000e+01	9.0317939e-02	4.0240510e-02	3.6659630e-01	2.7361609e-01	9.2980209e-02
1.3000000e+01	8.3908662e-02	1.8634729e-02	3.1075957e-01	2.3928845e-01	7.1471124e-02
1.4000000e+01	7.0936439e-02	1.3371343e-02	2.8733100e-01	2.1460194e-01	7.2729060e-02
1.5000000e+01	5.9633196e-02	2.2132261e-02	3.0026655e-01	2.0976647e-01	9.0500080e-02
1.6000000e+01	5.6128112e-02	3.8487050e-02	3.4334782e-01	2.2780202e-01	1.1554580e-01
1.7000000e+01	6.3439039e-02	5.1756769e-02	3.9049091e-01	2.5868449e-01	1.3180642e-01
1.8000000e+01	7.6688619e-02	5.5319401e-02	4.1679888e-01	2.8508806e-01	1.3171082e-01
1.9000000e+01	8.9719223e-02	5.0265481e-02	4.1814964e-01	2.9879404e-01	1.1935560e-01
2.0000000e+01	9.8218686e-02	4.0648418e-02	3.9975156e-01	2.9809446e-01	1.0165709e-01
2.1000000e+01	9.9664303e-02	3.2299933e-02	3.7550779e-01	2.8741820e-01	8.8089591e-02
2.2000000e+01	9.6267751e-02	2.9358461e-02	3.6091063e-01	2.7672307e-01	8.4187566e-02
2.3000000e+01	9.2335561e-02	3.1815507e-02	3.6134537e-01	2.7300825e-01	8.8337124e-02
2.4000000e+01	9.1115477e-02	3.7587241e-02	3.7543875e-01	2.7883485e-01	9.6603898e-02
2.5000000e+01	9.4355833e-02	4.3264180e-02	3.9573708e-01	2.9222437e-01	1.0351271e-01
2.6000000e+01	1.0080689e-01	4.5813432e-02	4.1127211e-01	3.0644294e-01	1.0482917e-01
2.7000000e+01	1.0769529e-01	4.4767191e-02	4.1681912e-01	3.1610485e-01	1.0071427e-01
2.8000000e+01	1.1310082e-01	4.1394935e-02	4.1313961e-01	3.1967062e-01	9.3468987e-02
2.9000000e+01	1.1581240e-01	3.7657502e-02	4.0399202e-01	3.1780841e-01	8.6183612e-02
3.0000000e+01	1.1589900e-01	3.5502817e-02	3.9567953e-01	3.1373876e-01	8.1940764e-02
3.1000000e+01	1.1482126e-01	3.5536536e-02	3.9259824e-01	3.1112038e-01	8.1477861e-02
3.2000000e+01	1.1396249e-01	3.7195448e-02	3.9547776e-01	3.1170137e-01	8.3776394e-02
3.3000000e+01	1.1430407e-01	3.9485966e-02	4.0324326e-01	3.1592570e-01	8.7317560e-02
3.4000000e+01	1.1621493e-01	4.1093385e-02	4.1207246e-01	3.2225116e-01	8.9821301e-02
3.5000000e+01	1.1903193e-01	4.1310063e-02	4.1788470e-01	3.2797428e-01	8.9910418e-02
3.6000000e+01	1.2192934e-01	4.0384926e-02	4.1959521e-01	3.3172694e-01	8.7868269e-02
3.7000000e+01	1.2439006e-01	3.8903692e-02	4.1785556e-01	3.3331784e-01	8.4537716e-02
3.8000000e+01	1.2588683e-01	3.7567127e-02	4.1427888e-01	3.3302627e-01	8.1252606e-02
3.9000000e+01	1.2630932e-01	3.6945180e-02	4.1138161e-01	3.3200013e-01	7.9381485e-02
4.0000000e+01	1.2611224e-01	3.7080406e-02	4.1067835e-01	3.3145141e-01	7.9226939e-02
4.1000000e+01	1.2581010e-01	3.7735882e-02	4.1247677e-01	3.3204849e-01	8.0428283e-02
4.2000000e+01	1.2590685e-01	3.8559440e-02	4.1637886e-01	3.3409628e-01	8.2282580e-02
4.3000000e+01	1.2672555e-01	3.9091674e-02	4.2069682e-01	3.3707396e-01	8.3622861e-02
4.4000000e+01	1.2807234e-01	3.9106464e-02	4.2365802e-01	3.3990135e-01	8.3756664e-02
4.5000000e+01	1.2961484e-01	3.8717964e-02	4.2484715e-01	3.4203841e-01	8.2808732e-02
4.6000000e+01	1.3106121e-01	3.8128386e-02	4.2453357e-01	3.4332799e-01	8.1205570e-02
4.7000000e+01	1.3208515e-01	3.7573399e-02	4.2336700e-01	3.4376866e-01	7.9598347e-02
4.8000000e+01	1.3252917e-01	3.7244987e-02	4.2232157e-01	3.4368995e-01	7.8631612e-02
4.9000000e+01	1.3254506e-01	3.7190127e-02	4.2212515e-01	3.4360763e-01	7.8517519e-02
5.0000000e+01	1.3238783e-01	3.7356692e-02	4.2307084e-01	3.4392325e-01	7.9147589e-02
5.1000000e+01	1.3236734e-01	3.7641241e-02	4.2510193e-01	3.4491830e-01	8.0183625e-02
5.2000000e+01	1.3272023e-01	3.7870214e-02	4.2754128e-01	3.4649087e-01	8.1050415e-02
5.3000000e+01	1.3343903e-01	3.7923491e-02	4.2953518e-01	3.4820662e-01	8.1328559e-02
5.4000000e+01	1.3435471e-01	3.7800284e-02	4.3071895e-01	3.4971418e-01	8.1004763e-02
5.5000000e+01	1.3529034e-01	3.7562830e-02	4.3113359e-01	3.5085713e-01	8.0276457e-02
5.6000000e+01	1.3603881e-01	3.7290199e-02	4.3100097e-01	3.5153930e-01	7.9461671e-02
5.7000000e+01	1.3645796e-01	3.7078358e-02	4.3076017e-01	3.5183804e-01	7.8922129e-02
5.8000000e+01	1.3658651e-01	3.6975100e-02	4.3081733e-01	3.5199518e-01	7.8822154e-02
5.9000000e+01	1.3658097e-01	3.6980427e-02	4.3138725e-01	3.5227459e-01	7.9112655e-02
6.0000000e+01	1.3661848e-01	3.7067043e-02	4.3251804e-01	3.5287750e-01	7.9640542e-02
6.1000000e+01	1.3685565e-01	3.7167849e-02	4.3394983e-01	3.5383056e-01	8.0119264e-02
6.2000000e+01	1.3730442e-01	3.7209925e-02	4.3523657e-01	3.5492270e-01	8.0313870e-02
6.3000000e+01	1.3788701e-01	3.7176213e-02	4.3616709e-01	3.5597055e-01	8.0196542e-02
6.4000000e+01	1.3850145e-01	3.7082282e-02	4.3673569e-01	3.5686929e-01	7.9866399e-02
6.5000000e+01	1.3904268e-01	3.6957267e-02	4.3702485e-01	3.5755510e-01	7.9469745e-02
6.6000000e+01	1.3941892e-01	3.6835692e-02	4.3717746e-01	3.5800765e-01	7.9169812e-02
6.7000000e+01	1.3963020e-01	3.6747400e-02	4.3737693e-01	3.5831867e-01	7.9058266e-02
6.8000000e+01	1.3974177e-01	3.6702340e-02	4.3774602e-01	3.5861478e-01	7.9131239e-02
6.9000000e+01	1.3985085e-01	3.6697797e-02	4.3833443e-01	3.5901806e-01	7.9316362e-02
7.0000000e+01	1.4003259e-01	3.6714539e-02	4.3907629e-01	3.5957074e-01	7.9505550e-02
7.1000000e+01	1.4032072e-01	3.6729257e-02	4.3984285e-01	3.6024214e-01	7.9600706e-02
7.2000000e+01	1.4068832e-01	3.6723342e-02	4.4050999e-01	3.6094332e-01	7.9566674e-02
7.3000000e+01	1.4109173e-01	3.6692599e-02	4.4103081e-01	3.6160713e-01	7.9423672e-02
7.4000000e+01	1.4147130e-01	3.6639321e-02	4.4139960e-01	3.6217110e-01	7.9228500e-02
7.5000000e+01	1.4178665e-01	3.6573814e-02	4.4165796e-01	3.6261563e-01	7.9042329e-02
7.6000000e+01	1.4201599e-01	3.6507934e-02	4.4186443e-01	3.6294820e-01	7.8916223e-02
7.7000000e+01	1.4217869e-01	3.6454566e-02	4.4209065e-01	3.6322401e-01	7.8866638e-02
7.8000000e+01	1.4230942e-01	3.6419852e-02	4.4238056e-01	3.6349970e-01	7.8880858e-02
7.9000000e+01	1.4245404e-01	3.6403894e-02	4.4274566e-01	3.6382687e-01	7.8918793e-02
8.0000000e+01	1.4263614e-01	3.6398596e-02	4.4315417e-01	3.6421323e-01	7.8940947e-02
8.1000000e+01	1.4286466e-01	3.6395709e-02	4.4356762e-01	3.6464847e-01	7.8919151e-02
8.2000000e+01	1.4312205e-01	3.6386624e-02	4.4394542e-01	3.6509476e-01	7.8850660e-02
8.3000000e+01	1.4338593e-01	3.6367526e-02	4.4426456e-01	3.6551821e-01	7.8746346e-02
8.4000000e+01	1.4362474e-01	3.6336893e-02	4.4451191e-01	3.6588070e-01	7.8631213e-02
8.5000000e+01	1.4382546e-01	3.6299235e-02	4.4470255e-01	3.6617674e-01	7.8525809e-02
8.6000000e+01	1.4398274e-01	3.6259628e-02	4.4485918e-01	3.6641233e-01	7.8446851e-02
8.7000000e+01	1.4411289e-01	3.6225055e-02	4.4501678e-01	3.6662128e-01	7.8395503e-02
8.8000000e+01	1.4423179e-01	3.6198820e-02	4.4519603e-01	3.6682981e-01	7.8366225e-02
8.9000000e+01	1.4436178e-01	3.6182217e-02	4.4540894e-01	3.6706625e-01	7.8342691e-02
9.0000000e+01	1.4450918e-01	3.6171424e-02	4.4564224e-01	3.6733030e-01	7.8311936e-02
9.1000000e+01	1.4467696e-01	3.6162489e-02	4.4588066e-01	3.6761729e-01	7.8263370e-02
9.2000000e+01	1.4485210e-01	3.6150321e-02	4.4609965e-01	3.6790192e-01	7.8197731e-02
9.3000000e+01	1.4502531e-01	3.6133141e-02	4.4628802e-01	3.6816932e-01	7.8118698e-02
9.4000000e+01	1.4518172e-01	3.6109844e-02	4.4643701e-01	3.6840023e-01	7.8036781e-02
9.5000000e+01	1.4531945e-01	3.6083265e-02	4.4655691e-01	3.6859790e-01	7.7959006e-02
9.6000000e+01	1.4543649e-01	3.6056238e-02	4.4665816e-01	3.6876557e-01	7.7892587e-02
9.7000000e+01	1.4554455e-01	3.6032934e-02	4.4676082e-01	3.6892496e-01	7.7835863e-02
9.8000000e+01	1.4564940e-01	3.6014546e-02	4.4687272e-01	3.6908576e-01	7.7786955e-02
9.9000000e+01	1.4576206e-01	3.6001677e-02	4.4700106e-01	3.6926259e-01	7.7738472e-02
1.0000000e+02	1.4588115e-01	3.5991922e-02	4.4713682e-01	3.6944956e-01	7.7687260e-02
1.0100000e+02	1.4600765e-01	3.5983689e-02	4.4727311e-01	3.6964420e-01	7.7628910e-02
1.0200000e+02	1.4613198e-01	3.5974089e-02	4.4739490e-01	3.6982943e-01	7.7565472e-02
1.0300000e+02	1.4625150e-01	3.5962857e-02	4.4749865e-01	3.7000082e-01	7.7497829e-02
1.0400000e+02	1.4635902e-01	3.5949505e-02	4.4758069e-01	3.7014937e-01	7.7431327e-02
1.0500000e+02	1.4645902e-01	3.5935873e-02	4.4765127e-01	3.7028465e-01	7.7366617e-02
1.0600000e+02	1.4655154e-01	3.5922412e-02	4.4771553e-01	3.7040930e-01	7.7306225e-02
1.0700000e+02	1.4664428e-01	3.5910735e-02	4.4778388e-01	3.7053622e-01	7.7247663e-02
1.0800000e+02	1.4673669e-01	3.5900462e-02	4.4785654e-01	3.7066496e-01	7.7191580e-02
1.0900000e+02	1.4683350e-01	3.5892331e-02	4.4793609e-01	3.7080154e-01	7.7134549e-02
1.1000000e+02	1.4693040e-01	3.5885103e-02	4.4801551e-01	3.7093816e-01	7.7077352e-02
1.1100000e+02	1.4702891e-01	3.5878718e-02	4.4809324e-01	3.7107553e-01	7.7017709e-02
1.1200000e+02	1.4712317e-01	3.5871587e-02	4.4816150e-01	3.7120392e-01	7.6957581e-02
1.1300000e+02	1.4721544e-01	3.5863787e-02	4.4822171e-01	3.7132629e-01	7.6895421e-02
1.1400000e+02	1.4730181e-01	3.5854359e-02	4.4827146e-01	3.7143754e-01	7.6833922e-02
1.1500000e+02	1.4738673e-01	3.5844261e-02	4.4831729e-01	3.7154538e-01	7.6771913e-02
1.1600000e+02	1.4746817e-01	3.5833456e-02	4.4835965e-01	3.7164800e-01	7.6711654e-02
1.1700000e+02	1.4755086e-01	3.5823438e-02	4.4840468e-01	3.7175320e-01	7.6651478e-02
1.1800000e+02	1.4763206e-01	3.5814020e-02	4.4845079e-01	3.7185745e-01	7.6593338e-02
1.1900000e+02	1.4771549e-01	3.5805656e-02	4.4850116e-01	3.7196607e-01	7.6535090e-02
1.2000000e+02	1.4779744e-01	3.5796903e-02	4.4855107e-01	3.7207298e-01	7.6478093e-02
1.2100000e+02	1.4788022e-01	3.5787701e-02	4.4860043e-01	3.7218043e-01	7.6419996e-02
1.2200000e+02	1.4795970e-01	3.5777130e-02	4.4864380e-01	3.7228160e-01	7.6362197e-02
1.2300000e+02	1.4803787e-01	3.5766390e-02	4.4868233e-01	3.7237904e-01	7.6303293e-02
1.2400000e+02	1.4811083e-01	3.5755868e-02	4.4871345e-01	3.7246756e-01	7.6245892e-02
1.2500000e+02	1.4818162e-01	3.5747311e-02	4.4874162e-01	3.7255243e-01	7.6189191e-02
1.2600000e+02	1.4826587e-01	3.5746178e-02	4.4878723e-01	3.7265949e-01	7.6127747e-02
1.2700000e+02	1.4831675e-01	3.5738562e-02	4.4880295e-01	3.7271822e-01	7.6084728e-02
1.2800000e+02	1.4836640e-01	3.5731164e-02	4.4881806e-01	3.7277543e-01	7.6042630e-02
1.2900000e+02	1.4842622e-01	3.5725611e-02	4.4884172e-01	3.7284708e-01	7.5994641e-02
1.3000000e+02	1.4851354e-01	3.5728730e-02	4.4890533e-01	3.7296620e-01	7.5939130e-02
1.3100000e+02	1.4856898e-01	3.5722694e-02	4.4893228e-01	3.7303512e-01	7.5897157e-02
1.3200000e+02	1.4862163e-01	3.5716136e-02	4.4895953e-01	3.7310140e-01	7.5858139e-02
1.3300000e+02	1.4867967e-01	3.5711194e-02	4.4899257e-01	3.7317596e-01	7.5816615e-02
1.3400000e+02	1.4874122e-01	3.5707499e-02	4.4902905e-01	3.7325574e-01	7.5773301e-02
1.3500000e+02	1.4882729e-01	3.5711535e-02	4.4910794e-01	3.7338126e-01	7.5726678e-02
1.3600000e+02	1.4887340e-01	3.5703463e-02	4.4912476e-01	3.7343578e-01	7.5688980e-02
1.3700000e+02	1.4891981e-01	3.5694596e-02	4.4913716e-01	3.7348840e-01	7.5648768e-02
1.3800000e+02	1.4897205e-01	3.5686708e-02	4.4915082e-01	3.7354746e-01	7.5603364e-02
1.3900000e+02	1.4903354e-01	3.5682060e-02	4.4917346e-01	3.7362027e-01	7.5553194e-02
1.4000000e+02	1.4909705e-01	3.5680433e-02	4.4920437e-01	3.7369923e-01	7.5505141e-02
1.4100000e+02	1.4916024e-01	3.5680351e-02	4.4924350e-01	3.7378199e-01	7.5461513e-02
1.4200000e+02	1.4921838e-01	3.5678774e-02	4.4928327e-01	3.7386002e-01	7.5423256e-02
1.4300000e+02	1.4927486e-01	3.5674972e-02	4.4932111e-01	3.7393542e-01	7.5385690e-02
1.4400000e+02	1.4932990e-01	3.5668663e-02	4.4935245e-01	3.7400612e-01	7.5346328e-02
1.4500000e+02	1.4938813e-01	3.5661641e-02	4.4938007e-01	3.7407817e-01	7.5301901e-02
1.4600000e+02	1.4944781e-01	3.5654520e-02	4.4940330e-01	3.7414946e-01	7.5253837e-02
1.4700000e+02	1.4951070e-01	3.5648209e-02	4.4942641e-01	3.7422391e-01	7.5202500e-02
1.4800000e+02	1.4957271e-01	3.5642510e-02	4.4944845e-01	3.7429693e-01	7.5151519e-02
1.4900000e+02	1.4963515e-01	3.5637822e-02	4.4947213e-01	3.7437122e-01	7.5100912e-02
1.5000000e+02	1.4969542e-01	3.5633372e-02	4.4949497e-01	3.7444290e-01	7.5052067e-02
1.5100000e+02	1.4975605e-01	3.5629446e-02	4.4951817e-01	3.7451513e-01	7.5003036e-02
1.5200000e+02	1.4981517e-01	3.5625382e-02	4.4953888e-01	3.7458461e-01	7.4954272e-02
1.5300000e+02	1.4987556e-01	3.5621606e-02	4.4955906e-01	3.7465510e-01	7.4903967e-02
1.5400000e+02	1.4993523e-01	3.5617483e-02	4.4957698e-01	3.7472371e-01	7.4853262e-02
1.5500000e+02	1.4999662e-01	3.5613303e-02	4.4959485e-01	3.7479405e-01	7.4800802e-02
1.5600000e+02	1.5005749e-01	3.5608584e-02	4.4961091e-01	3.7486294e-01	7.4747968e-02
1.5700000e+02	1.5011986e-01	3.5604148e-02	4.4962775e-01	3.7493373e-01	7.4694016e-02
1.5800000e+02	1.5018126e-01	3.5599738e-02	4.4964393e-01	3.7500322e-01	7.4640704e-02
1.5900000e+02	1.5024338e-01	3.5595945e-02	4.4966118e-01	3.7507397e-01	7.4587209e-02
1.6000000e+02	1.5030340e-01	3.5592483e-02	4.4967704e-01	3.7514192e-01	7.4535120e-02
1.6100000e+02	1.5036346e-01	3.5589983e-02	4.4969324e-01	3.7521008e-01	7.4483157e-02
1.6200000e+02	1.5042141e-01	3.5588164e-02	4.4970789e-01	3.7527535e-01	7.4432542e-02
1.6300000e+02	1.5047951e-01	3.5587267e-02	4.4972301e-01	3.7534102e-01	7.4381993e-02
1.6400000e+02	1.5053571e-01	3.5586658e-02	4.4973689e-01	3.7540415e-01	7.4332738e-02
1.6500000e+02	1.5059248e-01	3.5586615e-02	4.4975223e-01	3.7546859e-01	7.4283632e-02
1.6600000e+02	1.5064781e-01	3.5586675e-02	4.4976756e-01	3.7553159e-01	7.4235968e-02
1.6700000e+02	1.5070372e-01	3.5587130e-02	4.4978469e-01	3.7559607e-01	7.4188627e-02
1.6800000e+02	1.5075776e-01	3.5587569e-02	4.4980122e-01	3.7565837e-01	7.4142852e-02
1.6900000e+02	1.5081193e-01	3.5588480e-02	4.4981863e-01	3.7572125e-01	7.4097385e-02
1.7000000e+02	1.5086398e-01	3.5589511e-02	4.4983438e-01	3.7578117e-01	7.4053210e-02
1.7100000e+02	1.5091592e-01	3.5591122e-02	4.4984981e-01	3.7584082e-01	7.4008983e-02
1.7200000e+02	1.5096553e-01	3.5592903e-02	4.4986311e-01	3.7589708e-01	7.3966026e-02
1.7300000e+02	1.5101519e-01	3.5595444e-02	4.4987694e-01	3.7595366e-01	7.3923279e-02
1.7400000e+02	1.5106319e-01	3.5598179e-02	4.4989004e-01	3.7600821e-01	7.3881833e-02
1.7500000e+02	1.5111234e-01	3.5601018e-02	4.4990444e-01	3.7606456e-01	7.3839880e-02
1.7600000e+02	1.5116076e-01	3.5603182e-02	4.4991824e-01	3.7611988e-01	7.3798363e-02
1.7700000e+02	1.5121030e-01	3.5605282e-02	4.4993307e-01	3.7617683e-01	7.3756239e-02
1.7800000e+02	1.5125791e-01	3.5607356e-02	4.4994659e-01	3.7623121e-01	7.3715382e-02
1.7900000e+02	1.5130516e-01	3.5610080e-02	4.4995981e-01	3.7628507e-01	7.3674738e-02
1.8000000e+02	1.5135023e-01	3.5612914e-02	4.4997030e-01	3.7633538e-01	7.3634921e-02
1.8100000e+02	1.5139604e-01	3.5615980e-02	4.4998024e-01	3.7638616e-01	7.3594084e-02
1.8200000e+02	1.5144092e-01	3.5618455e-02	4.4998812e-01	3.7643498e-01	7.3553141e-02
1.8300000e+02	1.5148692e-01	3.5620596e-02	4.4999582e-01	3.7648483e-01	7.3510984e-02
1.8400000e+02	1.5153169e-01	3.5621970e-02	4.5000141e-01	3.7653240e-01	7.3469009e-02
1.8500000e+02	1.5157730e-01	3.5623321e-02	4.5000691e-01	3.7658076e-01	7.3426153e-02
1.8600000e+02	1.5162189e-01	3.5624485e-02	4.5001120e-01	3.7662748e-01	7.3383713e-02
1.8700000e+02	1.5166763e-01	3.5625964e-02	4.5001684e-01	3.7667605e-01	7.3340791e-02
1.8800000e+02	1.5171225e-01	3.5627097e-02	4.5002261e-01	3.7672355e-01	7.3299061e-02
1.8900000e+02	1.5175754e-01	3.5628042e-02	4.5003034e-01	3.7677271e-01	7.3257637e-02
1.9000000e+02	1.5180161e-01	3.5627885e-02	4.5003787e-01	3.7682054e-01	7.3217331e-02
1.9100000e+02	1.5184629e-01	3.5626565e-02	4.5004610e-01	3.7686934e-01	7.3176766e-02
1.9200000e+02	1.5188979e-01	3.5623601e-02	4.5005287e-01	3.7691623e-01	7.3136643e-02
1.9300000e+02	1.5193482e-01	3.5619853e-02	4.5005998e-01	3.7696481e-01	7.3095166e-02
1.9400000e+02	1.5197957e-01	3.5615443e-02	4.5006553e-01	3.7701233e-01	7.3053199e-02
1.9500000e+02	1.5202562e-01	3.5611152e-02	4.5007034e-01	3.7706079e-01	7.3009554e-02
1.9600000e+02	1.5206996e-01	3.5607012e-02	4.5007167e-01	3.7710579e-01	7.2965879e-02
1.9700000e+02	1.5211296e-01	3.5603730e-02	4.5007030e-01	3.7714811e-01	7.2922195e-02
1.9800000e+02	1.5215115e-01	3.5600906e-02	4.5006463e-01	3.7718347e-01	7.2881169e-02
1.9900000e+02	1.5218608e-01	3.5598980e-02	4.5005711e-01	3.7721464e-01	7.2842471e-02
2.0000000e+02	1.5221669e-01	3.5597433e-02	4.5004784e-01	3.7724062e-01	7.2807227e-02
2.0100000e+02	1.5224595e-01	3.5596755e-02	4.5003952e-01	3.7726572e-01	7.2773809e-02
2.0200000e+02	1.5227297e-01	3.5596497e-02	4.5003160e-01	3.7728877e-01	7.2742830e-02
2.0300000e+02	1.5230001e-01	3.5596696e-02	4.5002645e-01	3.7731323e-01	7.2713217e-02
2.0400000e+02	1.5232530e-01	3.5596361e-02	4.5002291e-01	3.7733676e-01	7.2686156e-02
2.0500000e+02	1.5234995e-01	3.5595724e-02	4.5002238e-01	3.7736114e-01	7.2661242e-02
2.0600000e+02	1.5237052e-01	3.5594779e-02	4.5002179e-01	3.7738141e-01	7.2640373e-02
2.0700000e+02	1.5238913e-01	3.5594487e-02	4.5002202e-01	3.7740014e-01	7.2621885e-02
2.0800000e+02	1.5240510e-01	3.5593946e-02	4.5002136e-01	3.7741578e-01	7.2605576e-02
2.0900000e+02	1.5242194e-01	3.5593406e-02	4.5002191e-01	3.7743289e-01	7.2589020e-02
2.1000000e+02	1.5243793e-01	3.5592441e-02	4.5002270e-01	3.7744928e-01	7.2573420e-02
2.1100000e+02	1.5245272e-01	3.5591758e-02	4.5002544e-01	3.7746544e-01	7.2560002e-02
2.1200000e+02	1.5246400e-01	3.5591603e-02	4.5002932e-01	3.7747866e-01	7.2550662e-02
2.1300000e+02	1.5247569e-01	3.5592618e-02	4.5003746e-01	3.7749442e-01	7.2543038e-02
2.1400000e+02	1.5248024e-01	3.5592090e-02	4.5003749e-01	3.7749898e-01	7.2538507e-02
2.1500000e+02	1.5249408e-01	3.5594041e-02	4.5005429e-01	3.7752122e-01	7.2533068e-02
2.1600000e+02	1.5250911e-01	3.5596420e-02	4.5007813e-01	3.7754817e-01	7.2529956e-02
2.1700000e+02	1.5251369e-01	3.5596039e-02	4.5008399e-01	3.7755569e-01	7.2528303e-02
2.1800000e+02	1.5252439e-01	3.5597986e-02	4.5011373e-01	3.7758126e-01	7.2532468e-02
2.1900000e+02	1.5252402e-01	3.5596318e-02	4.5011892e-01	3.7758348e-01	7.2535442e-02
2.2000000e+02	1.5252985e-01	3.5595953e-02	4.5015042e-01	3.7760506e-01	7.2545362e-02
2.2100000e+02	1.5253056e-01	3.5593905e-02	4.5015814e-01	3.7760964e-01	7.2548506e-02
2.2200000e+02	1.5253426e-01	3.5590807e-02	4.5019162e-01	3.7763007e-01	7.2561552e-02
2.2300000e+02	1.5253749e-01	3.5587799e-02	4.5020212e-01	3.7763855e-01	7.2563572e-02
2.2400000e+02	1.5253932e-01	3.5582277e-02	4.5021244e-01	3.7764554e-01	7.2566900e-02
2.2500000e+02	1.5253341e-01	3.5568647e-02	4.5023967e-01	3.7765324e-01	7.2586426e-02
2.2600000e+02	1.5253466e-01	3.5561079e-02	4.5024850e-01	3.7765891e-01	7.2589594e-02
2.2700000e+02	1.5253701e-01	3.5554139e-02	4.5025786e-01	3.7766594e-01	7.2591920e-02
2.2800000e+02	1.5253403e-01	3.5544414e-02	4.5027716e-01	3.7767261e-01	7.2604549e-02
2.2900000e+02	1.5254012e-01	3.5539509e-02	4.5028574e-01	3.7768299e-01	7.2602749e-02
2.3000000e+02	1.5254699e-01	3.5533868e-02	4.5029286e-01	3.7769342e-01	7.2599434e-02
2.3100000e+02	1.5255578e-01	3.5526185e-02	4.5030013e-01	3.7770584e-01	7.2594286e-02
2.3200000e+02	1.5256573e-01	3.5516927e-02	4.5030717e-01	3.7771932e-01	7.2587857e-02
2.3300000e+02	1.5257643e-01	3.5510912e-02	4.5031312e-01	3.7773299e-01	7.2580134e-02
2.3400000e+02	1.5258814e-01	3.5505957e-02	4.5031628e-01	3.7774628e-01	7.2569993e-02
2.3500000e+02	1.5260073e-01	3.5500816e-02	4.5031719e-01	3.7775933e-01	7.2557864e-02
2.3600000e+02	1.5261135e-01	3.5495006e-02	4.5031417e-01	3.7776844e-01	7.2545735e-02
2.3700000e+02	1.5262564e-01	3.5495228e-02	4.5029421e-01	3.7777275e-01	7.2521462e-02
2.3800000e+02	1.5262866e-01	3.5492310e-02	4.5028876e-01	3.7777304e-01	7.2515723e-02
2.3900000e+02	1.5263109e-01	3.5490616e-02	4.5028245e-01	3.7777232e-01	7.2510137e-02
2.4000000e+02	1.5263141e-01	3.5488140e-02	4.5027253e-01	3.7776768e-01	7.2504849e-02
2.4100000e+02	1.5263113e-01	3.5484069e-02	4.5026019e-01	3.7776123e-01	7.2498959e-02
2.4200000e+02	1.5262217e-01	3.5481172e-02	4.5022256e-01	3.7773345e-01	7.2489105e-02
2.4300000e+02	1.5262402e-01	3.5478886e-02	4.5021482e-01	3.7773143e-01	7.2483395e-02
2.4400000e+02	1.5262798e-01	3.5478406e-02	4.5020894e-01	3.7773245e-01	7.2476492e-02
2.4500000e+02	1.5263535e-01	3.5478790e-02	4.5020499e-01	3.7773785e-01	7.2467141e-02
2.4600000e+02	1.5264455e-01	3.5479885e-02	4.5020062e-01	3.7774485e-01	7.2455762e-02
2.4700000e+02	1.5268065e-01	3.5487260e-02	4.5020234e-01	3.7778182e-01	7.2420526e-02
2.4800000e+02	1.5269241e-01	3.5489900e-02	4.5020182e-01	3.7779332e-01	7.2408500e-02
2.4900000e+02	1.5270528e-01	3.5493439e-02	4.5020228e-01	3.7780642e-01	7.2395864e-02
2.5000000e+02	1.5271676e-01	3.5497495e-02	4.5020070e-01	3.7781711e-01	7.2383587e-02
2.5100000e+02	1.5272919e-01	3.5502455e-02	4.5019901e-01	3.7782870e-01	7.2370311e-02
2.5200000e+02	1.5277552e-01	3.5515642e-02	4.5020957e-01	3.7788031e-01	7.2329263e-02
2.5300000e+02	1.5278392e-01	3.5521305e-02	4.5020785e-01	3.7788784e-01	7.2320006e-02
2.5400000e+02	1.5278997e-01	3.5527163e-02	4.5020346e-01	3.7789170e-01	7.2311761e-02
2.5500000e+02	1.5279611e-01	3.5533747e-02	4.5019736e-01	3.7789479e-01	7.2302566e-02
2.5600000e+02	1.5280085e-01	3.5540719e-02	4.5018880e-01	3.7789525e-01	7.2293552e-02
2.5700000e+02	1.5282711e-01	3.5550509e-02	4.5017496e-01	3.7791458e-01	7.2260373e-02
2.5800000e+02	1.5283265e-01	3.5555193e-02	4.5017266e-01	3.7791898e-01	7.2253678e-02
2.5900000e+02	1.5284371e-01	3.5557861e-02	4.5017394e-01	3.7793068e-01	7.2243258e-02
2.6000000e+02	1.5286087e-01	3.5557776e-02	4.5017532e-01	3.7794853e-01	7.2226788e-02
2.6100000e+02	1.5288742e-01	3.5555415e-02	4.5017705e-01	3.7797594e-01	7.2201109e-02
2.6200000e+02	1.5292042e-01	3.5551585e-02	4.5017580e-01	3.7800832e-01	7.2167476e-02
2.6300000e+02	1.5295885e-01	3.5547999e-02	4.5017236e-01	3.7804503e-01	7.2127330e-02
2.6400000e+02	1.5299774e-01	3.5545439e-02	4.5016459e-01	3.7808003e-01	7.2084556e-02
2.6500000e+02	1.5303761e-01	3.5543841e-02	4.5015510e-01	3.7811516e-01	7.2039935e-02
2.6600000e+02	1.5307576e-01	3.5542263e-02	4.5014305e-01	3.7814729e-01	7.1995766e-02
2.6700000e+02	1.5311413e-01	3.5539872e-02	4.5013128e-01	3.7817977e-01	7.1951507e-02
2.6800000e+02	1.5315119e-01	3.5535457e-02	4.5011795e-01	3.7821016e-01	7.1907783e-02
2.6900000e+02	1.5318893e-01	3.5528688e-02	4.5010455e-01	3.7824120e-01	7.1863348e-02
2.7000000e+02	1.5322505e-01	3.5519542e-02	4.5008844e-01	3.7826927e-01	7.1819174e-02
2.7100000e+02	1.5325991e-01	3.5509406e-02	4.5007080e-01	3.7829530e-01	7.1775493e-02
2.7200000e+02	1.5328991e-01	3.5499202e-02	4.5004969e-01	3.7831475e-01	7.1734931e-02
2.7300000e+02	1.5331637e-01	3.5489841e-02	4.5002831e-01	3.7833053e-01	7.1697789e-02
2.7400000e+02	1.5333866e-01	3.5481392e-02	4.5000589e-01	3.7834160e-01	7.1664290e-02
2.7500000e+02	1.5336031e-01	3.5474532e-02	4.4998404e-01	3.7835233e-01	7.1631709e-02
2.7600000e+02	1.5338047e-01	3.5469562e-02	4.4996019e-01	3.7836056e-01	7.1599628e-02
2.7700000e+02	1.5340134e-01	3.5467347e-02	4.4993585e-01	3.7836927e-01	7.1566585e-02
2.7800000e+02	1.5345761e-01	3.5469683e-02	4.4986811e-01	3.7839166e-01	7.1476448e-02
2.7900000e+02	1.5347036e-01	3.5470600e-02	4.4985432e-01	3.7839752e-01	7.1456803e-02
2.8000000e+02	1.5348084e-01	3.5472243e-02	4.4984275e-01	3.7840222e-01	7.1440536e-02
2.8100000e+02	1.5349368e-01	3.5474906e-02	4.4983282e-01	3.7841009e-01	7.1422734e-02
2.8200000e+02	1.5353048e-01	3.5480867e-02	4.4981427e-01	3.7843761e-01	7.1376656e-02
2.8300000e+02	1.5354633e-01	3.5482582e-02	4.4981006e-01	3.7845137e-01	7.1358700e-02
2.8400000e+02	1.5356359e-01	3.5482939e-02	4.4980694e-01	3.7846706e-01	7.1339886e-02
2.8500000e+02	1.5362309e-01	3.5478585e-02	4.4981326e-01	3.7852972e-01	7.1283535e-02
2.8600000e+02	1.5363603e-01	3.5476808e-02	4.4981007e-01	3.7854106e-01	7.1269008e-02
2.8700000e+02	1.5364772e-01	3.5475632e-02	4.4980538e-01	3.7855041e-01	7.1254973e-02
2.8800000e+02	1.5367947e-01	3.5473121e-02	4.4980418e-01	3.7858157e-01	7.1222617e-02
2.8900000e+02	1.5368726e-01	3.5474352e-02	4.4979890e-01	3.7858671e-01	7.1212185e-02
2.9000000e+02	1.5370565e-01	3.5478058e-02	4.4979579e-01	3.7860355e-01	7.1192241e-02
2.9100000e+02	1.5371194e-01	3.5480039e-02	4.4979330e-01	3.7860859e-01	7.1184705e-02
2.9200000e+02	1.5372877e-01	3.5483922e-02	4.4979267e-01	3.7862510e-01	7.1167563e-02
2.9300000e+02	1.5373734e-01	3.5484891e-02	4.4979267e-01	3.7863368e-01	7.1158991e-02
2.9400000e+02	1.5376159e-01	3.5486252e-02	4.4979934e-01	3.7866126e-01	7.1138079e-02
2.9500000e+02	1.5378746e-01	3.5487287e-02	4.4980879e-01	3.7869186e-01	7.1116934e-02
2.9600000e+02	1.5379693e-01	3.5487179e-02	4.4981033e-01	3.7870210e-01	7.1108232e-02
2.9700000e+02	1.5382200e-01	3.5486818e-02	4.4981608e-01	3.7873004e-01	7.1086033e-02
2.9800000e+02	1.5384584e-01	3.5484779e-02	4.4981721e-01	3.7875444e-01	7.1062763e-02
2.9900000e+02	1.5385931e-01	3.5482773e-02	4.4981764e-01	3.7876813e-01	7.1049511e-02
3.0000000e+02	1.5389404e-01	3.5475967e-02	4.4981333e-01	3.7880070e-01	7.1012624e-02
3.0100000e+02	1.5393435e-01	3.5468875e-02	4.4980823e-01	3.7883847e-01	7.0969762e-02
3.0200000e+02	1.5397468e-01	3.5463030e-02	4.4980049e-01	3.7887493e-01	7.0925561e-02
3.0300000e+02	1.5399554e-01	3.5458641e-02	4.4979834e-01	3.7889471e-01	7.0903629e-02
3.0400000e+02	1.5405630e-01	3.5453876e-02	4.4978034e-01	3.7894647e-01	7.0833865e-02
3.0500000e+02	1.5412470e-01	3.5449422e-02	4.4975735e-01	3.7900337e-01	7.0753977e-02
3.0600000e+02	1.5418644e-01	3.5444557e-02	4.4972878e-01	3.7905082e-01	7.0677952e-02
3.0700000e+02	1.5423747e-01	3.5439626e-02	4.4969798e-01	3.7908646e-01	7.0611520e-02
3.0800000e+02	1.5427633e-01	3.5433644e-02	4.4966288e-01	3.7910777e-01	7.0555113e-02
3.0900000e+02	1.5431024e-01	3.5427180e-02	4.4962542e-01	3.7912295e-01	7.0502467e-02
3.1000000e+02	1.5434132e-01	3.5420216e-02	4.4958451e-01	3.7913357e-01	7.0450935e-02
3.1100000e+02	1.5437506e-01	3.5414172e-02	4.4954417e-01	3.7914714e-01	7.0397029e-02
3.1200000e+02	1.5441217e-01	3.5409323e-02	4.4950476e-01	3.7916456e-01	7.0340209e-02
3.1300000e+02	1.5445442e-01	3.5405935e-02	4.4946839e-01	3.7918862e-01	7.0279769e-02
3.1400000e+02	1.5449757e-01	3.5403409e-02	4.4943168e-01	3.7921341e-01	7.0218266e-02
3.1500000e+02	1.5454407e-01	3.5402384e-02	4.4939524e-01	3.7924169e-01	7.0153550e-02
3.1600000e+02	1.5458889e-01	3.5402447e-02	4.4935654e-01	3.7926716e-01	7.0089379e-02
3.1700000e+02	1.5463159e-01	3.5404090e-02	4.4931808e-01	3.7929063e-01	7.0027452e-02
3.1800000e+02	1.5466823e-01	3.5406819e-02	4.4928029e-01	3.7930837e-01	6.9971917e-02
3.1900000e+02	1.5470079e-01	3.5410514e-02	4.4924703e-01	3.7932430e-01	6.9922730e-02
3.2000000e+02	1.5472899e-01	3.5414365e-02	4.4921718e-01	3.7933758e-01	6.9879600e-02
3.2100000e+02	1.5476004e-01	3.5418667e-02	4.4919405e-01	3.7935706e-01	6.9836988e-02
3.2200000e+02	1.5479456e-01	3.5423509e-02	4.4917690e-01	3.7938302e-01	6.9793889e-02
3.2300000e+02	1.5483280e-01	3.5429432e-02	4.4916725e-01	3.7941643e-01	6.9750826e-02
3.2400000e+02	1.5486754e-01	3.5435136e-02	4.4916106e-01	3.7944807e-01	6.9712994e-02
3.2500000e+02	1.5489813e-01	3.5439967e-02	4.4915662e-01	3.7947644e-01	6.9680182e-02
3.2600000e+02	1.5492244e-01	3.5443144e-02	4.4914919e-01	3.7949704e-01	6.9652154e-02
3.2700000e+02	1.5494377e-01	3.5445157e-02	4.4913920e-01	3.7951337e-01	6.9625825e-02
3.2800000e+02	1.5496161e-01	3.5446305e-02	4.4912536e-01	3.7952429e-01	6.9601070e-02
3.2900000e+02	1.5497965e-01	3.5447774e-02	4.4911116e-01	3.7953523e-01	6.9575930e-02
3.3000000e+02	1.5499750e-01	3.5449959e-02	4.4909719e-01	3.7954609e-01	6.9551095e-02
3.3100000e+02	1.5501555e-01	3.5453272e-02	4.4908597e-01	3.7955853e-01	6.9527436e-02
3.3200000e+02	1.5503130e-01	3.5457558e-02	4.4907631e-01	3.7956945e-01	6.9506857e-02
3.3300000e+02	1.5504577e-01	3.5462917e-02	4.4906950e-01	3.7958052e-01	6.9488981e-02
3.3400000e+02	1.5505713e-01	3.5468709e-02	4.4906378e-01	3.7958902e-01	6.9474764e-02
3.3500000e+02	1.5506826e-01	3.5475140e-02	4.4906120e-01	3.7959886e-01	6.9462338e-02
3.3600000e+02	1.5507720e-01	3.5481069e-02	4.4906009e-01	3.7960725e-01	6.9452846e-02
3.3700000e+02	1.5508676e-01	3.5486385e-02	4.4906287e-01	3.7961819e-01	6.9444678e-02
3.3800000e+02	1.5509729e-01	3.5490666e-02	4.4906885e-01	3.7963171e-01	6.9437138e-02
3.3900000e+02	1.5511034e-01	3.5493666e-02	4.4907899e-01	3.7964984e-01	6.9429151e-02
3.4000000e+02	1.5512441e-01	3.5494958e-02	4.4909109e-01	3.7966996e-01	6.9421130e-02
3.4100000e+02	1.5513921e-01	3.5494130e-02	4.4910462e-01	3.7969152e-01	6.9413102e-02
3.4200000e+02	1.5515002e-01	3.5490586e-02	4.4911547e-01	3.7970775e-01	6.9407712e-02
3.4300000e+02	1.5515795e-01	3.5485131e-02	4.4912395e-01	3.7971992e-01	6.9404026e-02
3.4400000e+02	1.5516210e-01	3.5478049e-02	4.4912856e-01	3.7972638e-01	6.9402182e-02
3.4500000e+02	1.5516537e-01	3.5470151e-02	4.4913103e-01	3.7973089e-01	6.9400143e-02
3.4600000e+02	1.5516891e-01	3.5461550e-02	4.4913034e-01	3.7973408e-01	6.9396262e-02
3.4700000e+02	1.5517673e-01	3.5453348e-02	4.4912846e-01	3.7974095e-01	6.9387504e-02
3.4800000e+02	1.5518513e-01	3.5445085e-02	4.4912282e-01	3.7974654e-01	6.9376283e-02
3.4900000e+02	1.5519579e-01	3.5437712e-02	4.4911484e-01	3.7975321e-01	6.9361636e-02
3.5000000e+02	1.5520610e-01	3.5430981e-02	4.4910359e-01	3.7975790e-01	6.9345692e-02
3.5100000e+02	1.5521782e-01	3.5425736e-02	4.4909161e-01	3.7976363e-01	6.9327983e-02
3.5200000e+02	1.5522937e-01	3.5422142e-02	4.4907882e-01	3.7976878e-01	6.9310042e-02
3.5300000e+02	1.5524143e-01	3.5420728e-02	4.4906704e-01	3.7977495e-01	6.9292092e-02
3.5400000e+02	1.5525191e-01	3.5420817e-02	4.4905475e-01	3.7977928e-01	6.9275462e-02
3.5500000e+02	1.5526299e-01	3.5421838e-02	4.4904362e-01	3.7978480e-01	6.9258815e-02
3.5600000e+02	1.5527542e-01	3.5423123e-02	4.4903357e-01	3.7979221e-01	6.9241366e-02
3.5700000e+02	1.5529088e-01	3.5424827e-02	4.4902648e-01	3.7980412e-01	6.9222363e-02
3.5800000e+02	1.5530545e-01	3.5425985e-02	4.4902051e-01	3.7981570e-01	6.9204806e-02
3.5900000e+02	1.5531962e-01	3.5425996e-02	4.4901718e-01	3.7982821e-01	6.9188976e-02
3.6000000e+02	1.5533077e-01	3.5423692e-02	4.4901478e-01	3.7983815e-01	6.9176622e-02
3.6100000e+02	1.5534007e-01	3.5420054e-02	4.4901353e-01	3.7984684e-01	6.9166699e-02
3.6200000e+02	1.5534641e-01	3.5416123e-02	4.4901001e-01	3.7985141e-01	6.9158597e-02
3.6300000e+02	1.5535368e-01	3.5413583e-02	4.4900515e-01	3.7985626e-01	6.9148894e-02
3.6400000e+02	1.5535990e-01	3.5412728e-02	4.4899699e-01	3.7985839e-01	6.9138597e-02
3.6500000e+02	1.5536602e-01	3.5413953e-02	4.4898799e-01	3.7986001e-01	6.9127977e-02
3.6600000e+02	1.5537022e-01	3.5416843e-02	4.4897860e-01	3.7985952e-01	6.9119083e-02
3.6700000e+02	1.5537419e-01	3.5421092e-02	4.4897189e-01	3.7986014e-01	6.9111755e-02
3.6800000e+02	1.5537736e-01	3.5425552e-02	4.4896807e-01	3.7986140e-01	6.9106671e-02
3.6900000e+02	1.5538305e-01	3.5429724e-02	4.4896997e-01	3.7986803e-01	6.9101936e-02
3.7000000e+02	1.5538862e-01	3.5432827e-02	4.4897576e-01	3.7987650e-01	6.9099256e-02
3.7100000e+02	1.5539544e-01	3.5434899e-02	4.4898630e-01	3.7988859e-01	6.9097713e-02
3.7200000e+02	1.5540156e-01	3.5435835e-02	4.4899906e-01	3.7990109e-01	6.9097974e-02
3.7300000e+02	1.5541049e-01	3.5436227e-02	4.4901485e-01	3.7991791e-01	6.9096934e-02
3.7400000e+02	1.5541849e-01	3.5435613e-02	4.4902988e-01	3.7993343e-01	6.9096448e-02
3.7500000e+02	1.5542540e-01	3.5433888e-02	4.4904365e-01	3.7994723e-01	6.9096422e-02
3.7600000e+02	1.5542927e-01	3.5430559e-02	4.4905403e-01	3.7995628e-01	6.9097743e-02
3.7700000e+02	1.5543318e-01	3.5425989e-02	4.4906184e-01	3.7996410e-01	6.9097740e-02
3.7800000e+02	1.5543543e-01	3.5420294e-02	4.4906426e-01	3.7996756e-01	6.9096696e-02
3.7900000e+02	1.5543913e-01	3.5414618e-02	4.4906280e-01	3.7997054e-01	6.9092267e-02
3.8000000e+02	1.5544385e-01	3.5409102e-02	4.4905683e-01	3.7997227e-01	6.9084568e-02
3.8100000e+02	1.5545077e-01	3.5404251e-02	4.4904854e-01	3.7997504e-01	6.9073502e-02
3.8200000e+02	1.5545749e-01	3.5399681e-02	4.4903751e-01	3.7997624e-01	6.9061267e-02
3.8300000e+02	1.5546525e-01	3.5395473e-02	4.4902624e-01	3.7997837e-01	6.9047868e-02
3.8400000e+02	1.5547146e-01	3.5390792e-02	4.4901329e-01	3.7997811e-01	6.9035187e-02
3.8500000e+02	1.5547895e-01	3.5386420e-02	4.4900059e-01	3.7997925e-01	6.9021339e-02
3.8600000e+02	1.5548610e-01	3.5382479e-02	4.4898656e-01	3.7997938e-01	6.9007176e-02
3.8700000e+02	1.5549460e-01	3.5379565e-02	4.4897282e-01	3.7998101e-01	6.8991810e-02
3.8800000e+02	1.5550300e-01	3.5377441e-02	4.4895836e-01	3.7998218e-01	6.8976183e-02
3.8900000e+02	1.5551326e-01	3.5376439e-02	4.4894483e-01	3.7998568e-01	6.8959150e-02
3.9000000e+02	1.5552393e-01	3.5376163e-02	4.4893055e-01	3.7998920e-01	6.8941343e-02
3.9100000e+02	1.5553515e-01	3.5376702e-02	4.4891587e-01	3.7999308e-01	6.8922786e-02
3.9200000e+02	1.5554254e-01	3.5376992e-02	4.4889856e-01	3.7999182e-01	6.8906739e-02
3.9300000e+02	1.5554727e-01	3.5377186e-02	4.4888018e-01	3.7998736e-01	6.8892820e-02
3.9400000e+02	1.5554841e-01	3.5377002e-02	4.4886068e-01	3.7997876e-01	6.8881925e-02
3.9500000e+02	1.5554783e-01	3.5376998e-02	4.4884256e-01	3.7996911e-01	6.8873453e-02
3.9600000e+02	1.5554580e-01	3.5377434e-02	4.4882635e-01	3.7995898e-01	6.8867375e-02
3.9700000e+02	1.5554647e-01	3.5379182e-02	4.4881540e-01	3.7995417e-01	6.8861231e-02
3.9800000e+02	1.5554794e-01	3.5381437e-02	4.4880848e-01	3.7995218e-01	6.8856300e-02
3.9900000e+02	1.5555190e-01	3.5384358e-02	4.4880637e-01	3.7995509e-01	6.8851281e-02
4.0000000e+02	1.5555694e-01	3.5387067e-02	4.4880644e-01	3.7996016e-01	6.8846281e-02
4.0100000e+02	1.5556337e-01	3.5389532e-02	4.4880849e-01	3.7996762e-01	6.8840872e-02
4.0200000e+02	1.5557069e-01	3.5391517e-02	4.4881106e-01	3.7997622e-01	6.8834842e-02
4.0300000e+02	1.5557896e-01	3.5393388e-02	4.4881426e-01	3.7998609e-01	6.8828169e-02
4.0400000e+02	1.5558564e-01	3.5394853e-02	4.4881623e-01	3.7999375e-01	6.8822480e-02
4.0500000e+02	1.5559273e-01	3.5397028e-02	4.4881893e-01	3.8000220e-01	6.8816732e-02
4.0600000e+02	1.5559915e-01	3.5399849e-02	4.4882146e-01	3.8000988e-01	6.8811582e-02
4.0700000e+02	1.5560660e-01	3.5403901e-02	4.4882501e-01	3.8001911e-01	6.8805904e-02
4.0800000e+02	1.5561215e-01	3.5408434e-02	4.4882762e-01	3.8002596e-01	6.8801663e-02
4.0900000e+02	1.5561483e-01	3.5413421e-02	4.4882969e-01	3.8002968e-01	6.8800009e-02
4.1000000e+02	1.5561204e-01	3.5418007e-02	4.4882949e-01	3.8002679e-01	6.8802708e-02
4.1100000e+02	1.5560670e-01	3.5422458e-02	4.4882889e-01	3.8002115e-01	6.8807743e-02
4.1200000e+02	1.5559787e-01	3.5426120e-02	4.4882707e-01	3.8001140e-01	6.8815662e-02
4.1300000e+02	1.5558939e-01	3.5429630e-02	4.4882671e-01	3.8000274e-01	6.8823970e-02
4.1400000e+02	1.5558300e-01	3.5433000e-02	4.4882825e-01	3.7999713e-01	6.8831125e-02
4.1500000e+02	1.5558029e-01	3.5436040e-02	4.4883277e-01	3.7999668e-01	6.8836094e-02
4.1600000e+02	1.5557902e-01	3.5437938e-02	4.4883841e-01	3.7999822e-01	6.8840188e-02
4.1700000e+02	1.5558138e-01	3.5438792e-02	4.4884704e-01	3.8000490e-01	6.8842142e-02
4.1800000e+02	1.5558500e-01	3.5437900e-02	4.4885659e-01	3.8001330e-01	6.8843296e-02
4.1900000e+02	1.5559233e-01	3.5435741e-02	4.4886828e-01	3.8002647e-01	6.8841809e-02
4.2000000e+02	1.5559990e-01	3.5431848e-02	4.4887937e-01	3.8003959e-01	6.8839780e-02
4.2100000e+02	1.5560793e-01	3.5426705e-02	4.4889041e-01	3.8005314e-01	6.8837271e-02
4.2200000e+02	1.5561519e-01	3.5420940e-02	4.4889929e-01	3.8006484e-01	6.8834453e-02
4.2300000e+02	1.5562457e-01	3.5415510e-02	4.4890730e-01	3.8007822e-01	6.8829084e-02
4.2400000e+02	1.5563352e-01	3.5410441e-02	4.4891234e-01	3.8008968e-01	6.8822653e-02
4.2500000e+02	1.5564240e-01	3.5406136e-02	4.4891543e-01	3.8010011e-01	6.8815314e-02
4.2600000e+02	1.5564631e-01	3.5401946e-02	4.4891372e-01	3.8010317e-01	6.8810548e-02
4.2700000e+02	1.5564576e-01	3.5397822e-02	4.4890796e-01	3.8009974e-01	6.8808221e-02
4.2800000e+02	1.5564048e-01	3.5393514e-02	4.4889796e-01	3.8008947e-01	6.8808498e-02
4.2900000e+02	1.5563351e-01	3.5389711e-02	4.4888712e-01	3.8007707e-01	6.8810051e-02
4.3000000e+02	1.5562458e-01	3.5386704e-02	4.4887556e-01	3.8006236e-01	6.8813196e-02
4.3100000e+02	1.5561830e-01	3.5385412e-02	4.4886646e-01	3.8005153e-01	6.8814932e-02
4.3200000e+02	1.5561284e-01	3.5385380e-02	4.4885888e-01	3.8004228e-01	6.8816603e-02
4.3300000e+02	1.5560880e-01	3.5386458e-02	4.4885445e-01	3.8003603e-01	6.8818426e-02
4.3400000e+02	1.5560540e-01	3.5387517e-02	4.4885245e-01	3.8003163e-01	6.8820820e-02
4.3500000e+02	1.5560451e-01	3.5387781e-02	4.4885400e-01	3.8003151e-01	6.8822489e-02
4.3600000e+02	1.5560534e-01	3.5386966e-02	4.4885768e-01	3.8003418e-01	6.8823501e-02
4.3700000e+02	1.5560838e-01	3.5385473e-02	4.4886372e-01	3.8004024e-01	6.8823484e-02
4.3800000e+02	1.5561047e-01	3.5383577e-02	4.4886883e-01	3.8004489e-01	6.8823948e-02
4.3900000e+02	1.5561391e-01	3.5382428e-02	4.4887380e-01	3.8005081e-01	6.8822987e-02
4.4000000e+02	1.5561659e-01	3.5382173e-02	4.4887634e-01	3.8005476e-01	6.8821579e-02
4.4100000e+02	1.5562032e-01	3.5383553e-02	4.4887830e-01	3.8005947e-01	6.8818831e-02
4.4200000e+02	1.5562229e-01	3.5386355e-02	4.4887889e-01	3.8006173e-01	6.8817162e-02
4.4300000e+02	1.5562148e-01	3.5389702e-02	4.4887950e-01	3.8006123e-01	6.8818267e-02
4.4400000e+02	1.5561585e-01	3.5392390e-02	4.4887985e-01	3.8005578e-01	6.8824074e-02
4.4500000e+02	1.5560885e-01	3.5394094e-02	4.4888340e-01	3.8005055e-01	6.8832853e-02
4.4600000e+02	1.5559973e-01	3.5394072e-02	4.4888894e-01	3.8004420e-01	6.8844743e-02
4.4700000e+02	1.5559211e-01	3.5392995e-02	4.4889771e-01	3.8004096e-01	6.8856748e-02
4.4800000e+02	1.5558704e-01	3.5391290e-02	4.4890811e-01	3.8004110e-01	6.8867015e-02
4.4900000e+02	1.5558568e-01	3.5389393e-02	4.4892038e-01	3.8004587e-01	6.8874509e-02
4.5000000e+02	1.5558510e-01	3.5387121e-02	4.4893228e-01	3.8005123e-01	6.8881043e-02
4.5100000e+02	1.5558691e-01	3.5384721e-02	4.4894511e-01	3.8005947e-01	6.8885646e-02
4.5200000e+02	1.5558858e-01	3.5381673e-02	4.4895637e-01	3.8006676e-01	6.8889605e-02
4.5300000e+02	1.5559270e-01	3.5378571e-02	4.4896720e-01	3.8007630e-01	6.8890896e-02
4.5400000e+02	1.5559666e-01	3.5375017e-02	4.4897465e-01	3.8008398e-01	6.8890671e-02
4.5500000e+02	1.5560094e-01	3.5371364e-02	4.4897870e-01	3.8009029e-01	6.8888412e-02
4.5600000e+02	1.5560470e-01	3.5367739e-02	4.4897825e-01	3.8009382e-01	6.8884430e-02
4.5700000e+02	1.5560929e-01	3.5364754e-02	4.4897557e-01	3.8009707e-01	6.8878502e-02
4.5800000e+02	1.5561344e-01	3.5362363e-02	4.4897060e-01	3.8009874e-01	6.8871860e-02
4.5900000e+02	1.5561790e-01	3.5360602e-02	4.4896492e-01	3.8010036e-01	6.8864559e-02
4.6000000e+02	1.5561780e-01	3.5358577e-02	4.4895565e-01	3.8009562e-01	6.8860025e-02
4.6100000e+02	1.5561461e-01	3.5356535e-02	4.4894435e-01	3.8008678e-01	6.8857564e-02
4.6200000e+02	1.5560829e-01	3.5354213e-02	4.4893035e-01	3.8007346e-01	6.8856889e-02
4.6300000e+02	1.5560163e-01	3.5351910e-02	4.4891569e-01	3.8005947e-01	6.8856213e-02
4.6400000e+02	1.5559537e-01	3.5349821e-02	4.4890009e-01	3.8004542e-01	6.8854673e-02
4.6500000e+02	1.5559347e-01	3.5348758e-02	4.4888621e-01	3.8003658e-01	6.8849637e-02
4.6600000e+02	1.5559336e-01	3.5348063e-02	4.4887238e-01	3.8002955e-01	6.8842831e-02
4.6700000e+02	1.5559551e-01	3.5348052e-02	4.4885958e-01	3.8002530e-01	6.8834280e-02
4.6800000e+02	1.5559799e-01	3.5348237e-02	4.4884648e-01	3.8002123e-01	6.8825253e-02
4.6900000e+02	1.5560147e-01	3.5348691e-02	4.4883481e-01	3.8001887e-01	6.8815937e-02
4.7000000e+02	1.5560498e-01	3.5349666e-02	4.4882415e-01	3.8001706e-01	6.8807091e-02
4.7100000e+02	1.5560938e-01	3.5351349e-02	4.4881588e-01	3.8001732e-01	6.8798564e-02
4.7200000e+02	1.5561222e-01	3.5353238e-02	4.4880872e-01	3.8001658e-01	6.8792134e-02
4.7300000e+02	1.5561662e-01	3.5355565e-02	4.4880518e-01	3.8001921e-01	6.8785963e-02
4.7400000e+02	1.5562095e-01	3.5357772e-02	4.4880377e-01	3.8002283e-01	6.8780936e-02
4.7500000e+02	1.5562735e-01	3.5360426e-02	4.4880549e-01	3.8003009e-01	6.8775401e-02
4.7600000e+02	1.5563298e-01	3.5363285e-02	4.4880788e-01	3.8003692e-01	6.8770955e-02
4.7700000e+02	1.5563654e-01	3.5366333e-02	4.4881075e-01	3.8004191e-01	6.8768836e-02
4.7800000e+02	1.5563577e-01	3.5369030e-02	4.4881221e-01	3.8004188e-01	6.8770336e-02
4.7900000e+02	1.5563320e-01	3.5371467e-02	4.4881381e-01	3.8004011e-01	6.8773704e-02
4.8000000e+02	1.5562727e-01	3.5373252e-02	4.4881395e-01	3.8003424e-01	6.8779706e-02
4.8100000e+02	1.5562144e-01	3.5375471e-02	4.4881499e-01	3.8002893e-01	6.8786056e-02
4.8200000e+02	1.5561650e-01	3.5378563e-02	4.4881666e-01	3.8002483e-01	6.8791831e-02
4.8300000e+02	1.5561389e-01	3.5382664e-02	4.4881974e-01	3.8002376e-01	6.8795985e-02
4.8400000e+02	1.5561184e-01	3.5387030e-02	4.4882233e-01	3.8002301e-01	6.8799321e-02
4.8500000e+02	1.5561291e-01	3.5391396e-02	4.4882609e-01	3.8002595e-01	6.8800136e-02
4.8600000e+02	1.5561454e-01	3.5394831e-02	4.4882928e-01	3.8002918e-01	6.8800102e-02
4.8700000e+02	1.5561889e-01	3.5397850e-02	4.4883383e-01	3.8003581e-01	6.8798024e-02
4.8800000e+02	1.5562282e-01	3.5400164e-02	4.4883770e-01	3.8004167e-01	6.8796026e-02
4.8900000e+02	1.5562715e-01	3.5402252e-02	4.4884193e-01	3.8004811e-01	6.8793816e-02
4.9000000e+02	1.5563144e-01	3.5404258e-02	4.4884561e-01	3.8005425e-01	6.8791363e-02
4.9100000e+02	1.5563794e-01	3.5406353e-02	4.4885037e-01	3.8006312e-01	6.8787245e-02
4.9200000e+02	1.5564593e-01	3.5407922e-02	4.4885507e-01	3.8007347e-01	6.8781607e-02
4.9300000e+02	1.5565651e-01	3.5408527e-02	4.4886093e-01	3.8008697e-01	6.8773960e-02
4.9400000e+02	1.5566525e-01	3.5406854e-02	4.4886522e-01	3.8009786e-01	6.8767362e-02
4.9500000e+02	1.5567277e-01	3.5402975e-02	4.4886875e-01	3.8010714e-01	6.8761607e-02
4.9600000e+02	1.5567776e-01	3.5397179e-02	4.4886987e-01	3.8011270e-01	6.8757172e-02
4.9700000e+02	1.5568150e-01	3.5390623e-02	4.4886947e-01	3.8011624e-01	6.8753238e-02
4.9800000e+02	1.5568350e-01	3.5384192e-02	4.4886674e-01	3.8011687e-01	6.8749868e-02
4.9900000e+02	1.5568799e-01	3.5378799e-02	4.4886452e-01	3.8012025e-01	6.8744271e-02
5.0000000e+02	1.5569262e-01	3.5374022e-02	4.4886075e-01	3.8012299e-01	6.8737761e-02
5.0100000e+02	1.5569824e-01	3.5370356e-02	4.4885603e-01	3.8012625e-01	6.8729772e-02
5.0200000e+02	1.5570361e-01	3.5367555e-02	4.4884879e-01	3.8012800e-01	6.8720789e-02
5.0300000e+02	1.5570939e-01	3.5365586e-02	4.4884008e-01	3.8012943e-01	6.8710648e-02
5.0400000e+02	1.5571463e-01	3.5364342e-02	4.4882971e-01	3.8012949e-01	6.8700224e-02
5.0500000e+02	1.5571971e-01	3.5364244e-02	4.4881974e-01	3.8012959e-01	6.8690157e-02
5.0600000e+02	1.5572247e-01	3.5364941e-02	4.4880974e-01	3.8012734e-01	6.8682401e-02
5.0700000e+02	1.5572575e-01	3.5366873e-02	4.4880253e-01	3.8012701e-01	6.8675514e-02
5.0800000e+02	1.5572904e-01	3.5369170e-02	4.4879737e-01	3.8012772e-01	6.8669649e-02
5.0900000e+02	1.5573471e-01	3.5371777e-02	4.4879589e-01	3.8013266e-01	6.8663232e-02
5.1000000e+02	1.5574086e-01	3.5373807e-02	4.4879619e-01	3.8013895e-01	6.8657241e-02
5.1100000e+02	1.5574596e-01	3.5374966e-02	4.4879818e-01	3.8014505e-01	6.8653129e-02
5.1200000e+02	1.5574715e-01	3.5374821e-02	4.4879908e-01	3.8014669e-01	6.8652384e-02
5.1300000e+02	1.5574694e-01	3.5374096e-02	4.4879963e-01	3.8014675e-01	6.8652877e-02
5.1400000e+02	1.5574394e-01	3.5372846e-02	4.4879767e-01	3.8014277e-01	6.8654895e-02
5.1500000e+02	1.5574108e-01	3.5372104e-02	4.4879549e-01	3.8013882e-01	6.8656661e-02
5.1600000e+02	1.5573936e-01	3.5372432e-02	4.4879333e-01	3.8013603e-01	6.8657299e-02
5.1700000e+02	1.5574008e-01	3.5373829e-02	4.4879260e-01	3.8013638e-01	6.8656218e-02
5.1800000e+02	1.5574097e-01	3.5375515e-02	4.4879189e-01	3.8013691e-01	6.8654976e-02
5.1900000e+02	1.5574460e-01	3.5377274e-02	4.4879355e-01	3.8014137e-01	6.8652176e-02
5.2000000e+02	1.5574889e-01	3.5378161e-02	4.4879603e-01	3.8014690e-01	6.8649124e-02
5.2100000e+02	1.5575627e-01	3.5378454e-02	4.4880103e-01	3.8015678e-01	6.8644249e-02
5.2200000e+02	1.5576395e-01	3.5377571e-02	4.4880630e-01	3.8016710e-01	6.8639200e-02
5.2300000e+02	1.5577188e-01	3.5376001e-02	4.4881224e-01	3.8017800e-01	6.8634245e-02
5.2400000e+02	1.5577874e-01	3.5374085e-02	4.4881738e-01	3.8018742e-01	6.8629952e-02
5.2500000e+02	1.5578664e-01	3.5372586e-02	4.4882299e-01	3.8019813e-01	6.8624855e-02
5.2600000e+02	1.5579445e-01	3.5371324e-02	4.4882756e-01	3.8020823e-01	6.8619329e-02
5.2700000e+02	1.5580350e-01	3.5370368e-02	4.4883232e-01	3.8021966e-01	6.8612663e-02
5.2800000e+02	1.5580926e-01	3.5368723e-02	4.4883430e-01	3.8022641e-01	6.8607892e-02
5.2900000e+02	1.5581262e-01	3.5366429e-02	4.4883432e-01	3.8022978e-01	6.8604535e-02
5.3000000e+02	1.5581291e-01	3.5363272e-02	4.4883092e-01	3.8022838e-01	6.8602547e-02
5.3100000e+02	1.5581187e-01	3.5359712e-02	4.4882560e-01	3.8022467e-01	6.8600932e-02
5.3200000e+02	1.5580898e-01	3.5356013e-02	4.4881775e-01	3.8021786e-01	6.8599895e-02
5.3300000e+02	1.5580868e-01	3.5353345e-02	4.4881014e-01	3.8021374e-01	6.8596393e-02
5.3400000e+02	1.5580900e-01	3.5351242e-02	4.4880100e-01	3.8020950e-01	6.8591506e-02
5.3500000e+02	1.5581049e-01	3.5349919e-02	4.4879157e-01	3.8020628e-01	6.8585295e-02
5.3600000e+02	1.5581223e-01	3.5348834e-02	4.4878079e-01	3.8020262e-01	6.8578167e-02
5.3700000e+02	1.5581554e-01	3.5347989e-02	4.4877033e-01	3.8020070e-01	6.8569626e-02
5.3800000e+02	1.5581987e-01	3.5347181e-02	4.4875943e-01	3.8019959e-01	6.8559848e-02
5.3900000e+02	1.5582573e-01	3.5346677e-02	4.4874900e-01	3.8020024e-01	6.8548766e-02
5.4000000e+02	1.5583047e-01	3.5346082e-02	4.4873744e-01	3.8019919e-01	6.8538257e-02
5.4100000e+02	1.5583636e-01	3.5346314e-02	4.4872739e-01	3.8020006e-01	6.8527331e-02
5.4200000e+02	1.5584217e-01	3.5347191e-02	4.4871791e-01	3.8020113e-01	6.8516782e-02
5.4300000e+02	1.5584937e-01	3.5349139e-02	4.4871042e-01	3.8020458e-01	6.8505838e-02
5.4400000e+02	1.5585596e-01	3.5351419e-02	4.4870351e-01	3.8020771e-01	6.8495798e-02
5.4500000e+02	1.5586077e-01	3.5353749e-02	4.4869730e-01	3.8020942e-01	6.8487881e-02
5.4600000e+02	1.5586158e-01	3.5355359e-02	4.4869025e-01	3.8020671e-01	6.8483543e-02
5.4700000e+02	1.5586079e-01	3.5356543e-02	4.4868428e-01	3.8020293e-01	6.8481347e-02
5.4800000e+02	1.5585691e-01	3.5356864e-02	4.4867813e-01	3.8019597e-01	6.8482159e-02
5.4900000e+02	1.5585268e-01	3.5357331e-02	4.4867397e-01	3.8018966e-01	6.8484304e-02
5.5000000e+02	1.5584929e-01	3.5358428e-02	4.4867149e-01	3.8018504e-01	6.8486457e-02
5.5100000e+02	1.5584793e-01	3.5360578e-02	4.4867161e-01	3.8018374e-01	6.8487875e-02
5.5200000e+02	1.5584657e-01	3.5363240e-02	4.4867246e-01	3.8018280e-01	6.8489659e-02
5.5300000e+02	1.5584781e-01	3.5366483e-02	4.4867594e-01	3.8018577e-01	6.8490162e-02
5.5400000e+02	1.5584957e-01	3.5369401e-02	4.4868003e-01	3.8018959e-01	6.8490442e-02
5.5500000e+02	1.5585373e-01	3.5372592e-02	4.4868598e-01	3.8019672e-01	6.8489255e-02
5.5600000e+02	1.5585711e-01	3.5375697e-02	4.4869118e-01	3.8020270e-01	6.8488476e-02
5.5700000e+02	1.5585995e-01	3.5379001e-02	4.4869622e-01	3.8020806e-01	6.8488167e-02
5.5800000e+02	1.5586180e-01	3.5382285e-02	4.4870014e-01	3.8021187e-01	6.8488266e-02
5.5900000e+02	1.5586516e-01	3.5385627e-02	4.4870466e-01	3.8021750e-01	6.8487167e-02
5.6000000e+02	1.5586882e-01	3.5388648e-02	4.4870866e-01	3.8022315e-01	6.8485505e-02
5.6100000e+02	1.5587403e-01	3.5391492e-02	4.4871358e-01	3.8023082e-01	6.8482760e-02
5.6200000e+02	1.5587645e-01	3.5393443e-02	4.4871684e-01	3.8023488e-01	6.8481967e-02
5.6300000e+02	1.5587674e-01	3.5394513e-02	4.4871920e-01	3.8023634e-01	6.8482860e-02
5.6400000e+02	1.5587399e-01	3.5394423e-02	4.4871912e-01	3.8023356e-01	6.8485567e-02
5.6500000e+02	1.5587018e-01	3.5393532e-02	4.4871788e-01	3.8022912e-01	6.8488767e-02
5.6600000e+02	1.5586519e-01	3.5392032e-02	4.4871505e-01	3.8022272e-01	6.8492335e-02
5.6700000e+02	1.5586363e-01	3.5390650e-02	4.4871415e-01	3.8022071e-01	6.8493446e-02
5.6800000e+02	1.5586393e-01	3.5388817e-02	4.4871414e-01	3.8022100e-01	6.8493136e-02
5.6900000e+02	1.5586687e-01	3.5386771e-02	4.4871606e-01	3.8022490e-01	6.8491162e-02
5.7000000e+02	1.5587117e-01	3.5384087e-02	4.4871855e-01	3.8023044e-01	6.8488107e-02
5.7100000e+02	1.5587774e-01	3.5380859e-02	4.4872208e-01	3.8023878e-01	6.8483299e-02
5.7200000e+02	1.5588515e-01	3.5377312e-02	4.4872484e-01	3.8024757e-01	6.8477272e-02
5.7300000e+02	1.5589332e-01	3.5373839e-02	4.4872670e-01	3.8025667e-01	6.8470029e-02
5.7400000e+02	1.5589911e-01	3.5370311e-02	4.4872526e-01	3.8026174e-01	6.8463514e-02
5.7500000e+02	1.5590472e-01	3.5367665e-02	4.4872235e-01	3.8026589e-01	6.8456455e-02
5.7600000e+02	1.5590906e-01	3.5365967e-02	4.4871695e-01	3.8026754e-01	6.8449414e-02
5.7700000e+02	1.5591437e-01	3.5365664e-02	4.4871127e-01	3.8027001e-01	6.8441260e-02
5.7800000e+02	1.5591877e-01	3.5366092e-02	4.4870485e-01	3.8027120e-01	6.8433651e-02
5.7900000e+02	1.5592090e-01	3.5366960e-02	4.4869864e-01	3.8027022e-01	6.8428424e-02
5.8000000e+02	1.5591846e-01	3.5367580e-02	4.4869112e-01	3.8026402e-01	6.8427099e-02
5.8100000e+02	1.5591448e-01	3.5367972e-02	4.4868421e-01	3.8025658e-01	6.8427628e-02
5.8200000e+02	1.5590766e-01	3.5367506e-02	4.4867656e-01	3.8024594e-01	6.8430622e-02
5.8300000e+02	1.5590080e-01	3.5366803e-02	4.4867062e-01	3.8023611e-01	6.8434511e-02
5.8400000e+02	1.5589507e-01	3.5366205e-02	4.4866660e-01	3.8022837e-01	6.8438229e-02
5.8500000e+02	1.5589221e-01	3.5366000e-02	4.4866622e-01	3.8022532e-01	6.8440907e-02
5.8600000e+02	1.5589020e-01	3.5366074e-02	4.4866784e-01	3.8022412e-01	6.8443718e-02
5.8700000e+02	1.5589122e-01	3.5366571e-02	4.4867230e-01	3.8022737e-01	6.8444932e-02
5.8800000e+02	1.5589302e-01	3.5366858e-02	4.4867659e-01	3.8023131e-01	6.8445280e-02
5.8900000e+02	1.5589764e-01	3.5367536e-02	4.4868166e-01	3.8023847e-01	6.8443190e-02
5.9000000e+02	1.5590180e-01	3.5368265e-02	4.4868533e-01	3.8024447e-01	6.8440859e-02
5.9100000e+02	1.5590576e-01	3.5369127e-02	4.4868884e-01	3.8025018e-01	6.8438658e-02
5.9200000e+02	1.5590886e-01	3.5369960e-02	4.4869154e-01	3.8025463e-01	6.8436904e-02
5.9300000e+02	1.5591343e-01	3.5370982e-02	4.4869518e-01	3.8026102e-01	6.8434155e-02
5.9400000e+02	1.5591803e-01	3.5371937e-02	4.4869869e-01	3.8026737e-01	6.8431317e-02
5.9500000e+02	1.5592368e-01	3.5372726e-02	4.4870376e-01	3.8027555e-01	6.8428202e-02
5.9600000e+02	1.5592607e-01	3.5372506e-02	4.4870804e-01	3.8028010e-01	6.8427946e-02
5.9700000e+02	1.5592624e-01	3.5371378e-02	4.4871238e-01	3.8028243e-01	6.8429948e-02
5.9800000e+02	1.5592344e-01	3.5369217e-02	4.4871513e-01	3.8028100e-01	6.8434124e-02
5.9900000e+02	1.5591905e-01	3.5366465e-02	4.4871697e-01	3.8027753e-01	6.8439435e-02
6.0000000e+02	1.5591291e-01	3.5363521e-02	4.4871678e-01	3.8027130e-01	6.8445484e-02
