# Force coefficients
# liftDir     : (0.0000000e+00 0.0000000e+00 1.0000000e+00)
# dragDir     : (1.0000000e+00 0.0000000e+00 0.0000000e+00)
# pitchAxis   : (0.0000000e+00 1.0000000e+00 0.0000000e+00)
# magUInf     : 1.5000000e+01
# lRef        : 2.9250000e-01
# Aref        : 5.3500000e-01
# CofR        : (0.0000000e+00 0.0000000e+00 0.0000000e+00)
# Time        	Cm            	Cd            	Cl            	Cl(f)         	Cl(r)         	Cm	Cd	Cl	Cl(f)	Cl(r)
1.0000000e+00	5.5189721e-02	2.2375626e-01	3.7938415e-02	7.4158928e-02	-3.6220513e-02
2.0000000e+00	5.6933189e-02	1.7319628e-01	1.0324629e-01	1.0855634e-01	-5.3100433e-03
3.0000000e+00	5.9183216e-02	1.4601795e-01	1.4444677e-01	1.3140660e-01	1.3040169e-02
4.0000000e+00	5.7233322e-02	1.0928310e-01	1.4302913e-01	1.2874789e-01	1.4281245e-02
5.0000000e+00	5.0255517e-02	6.3309588e-02	1.1077171e-01	1.0564137e-01	5.1303387e-03
6.0000000e+00	3.9118209e-02	3.1255164e-02	7.3885418e-02	7.6060918e-02	-2.1754997e-03
7.0000000e+00	2.9412185e-02	2.8787622e-02	6.2423419e-02	6.0623894e-02	1.7995251e-03
8.0000000e+00	2.3314755e-02	4.5567741e-02	7.3942024e-02	6.0285767e-02	1.3656257e-02
9.0000000e+00	2.4293601e-02	6.7043976e-02	1.0607515e-01	7.7331178e-02	2.8743976e-02
1.0000000e+01	3.1880353e-02	7.4993904e-02	1.3736672e-01	1.0056371e-01	3.6803007e-02
1.1000000e+01	3.9870192e-02	6.6881460e-02	1.5174227e-01	1.1574133e-01	3.6000942e-02
1.2000000e+01	4.4475006e-02	5.0929887e-02	1.5047499e-01	1.1971250e-01	3.0762489e-02
1.3000000e+01	4.2650536e-02	3.7232209e-02	1.3590431e-01	1.1060269e-01	2.5301621e-02
1.4000000e+01	3.6214531e-02	3.3200311e-02	1.1961561e-01	9.6022334e-02	2.3593271e-02
1.5000000e+01	2.9572510e-02	3.7759686e-02	1.1041988e-01	8.4782448e-02	2.5637429e-02
1.6000000e+01	2.6316445e-02	4.5942896e-02	1.1250471e-01	8.2568799e-02	2.9935909e-02
1.7000000e+01	2.7664195e-02	5.2037565e-02	1.2434149e-01	8.9834940e-02	3.4506550e-02
1.8000000e+01	3.1904253e-02	5.3138005e-02	1.3973188e-01	1.0177019e-01	3.7961689e-02
1.9000000e+01	3.6225254e-02	4.9740530e-02	1.5179139e-01	1.1212095e-01	3.9670439e-02
2.0000000e+01	3.8287331e-02	4.4618649e-02	1.5567448e-01	1.1612457e-01	3.9549907e-02
2.1000000e+01	3.7717848e-02	4.0812367e-02	1.5206651e-01	1.1375110e-01	3.8315408e-02
2.2000000e+01	3.5708172e-02	3.9743933e-02	1.4513119e-01	1.0827376e-01	3.6857421e-02
2.3000000e+01	3.3775445e-02	4.1134433e-02	1.3949670e-01	1.0352379e-01	3.5972903e-02
2.4000000e+01	3.2942835e-02	4.3568933e-02	1.3818383e-01	1.0203475e-01	3.6149080e-02
2.5000000e+01	3.3422784e-02	4.5471360e-02	1.4159507e-01	1.0422032e-01	3.7374752e-02
2.6000000e+01	3.4731368e-02	4.5902060e-02	1.4750788e-01	1.0848531e-01	3.9022572e-02
2.7000000e+01	3.6177038e-02	4.4991646e-02	1.5298609e-01	1.1267008e-01	4.0316004e-02
2.8000000e+01	3.7413942e-02	4.3469658e-02	1.5635583e-01	1.1559186e-01	4.0763974e-02
2.9000000e+01	3.8341585e-02	4.2101424e-02	1.5690866e-01	1.1679592e-01	4.0112747e-02
3.0000000e+01	3.8853083e-02	4.1500253e-02	1.5513695e-01	1.1642156e-01	3.8715391e-02
3.1000000e+01	3.9142331e-02	4.1681215e-02	1.5302709e-01	1.1565588e-01	3.7371213e-02
3.2000000e+01	3.9469689e-02	4.2189883e-02	1.5185590e-01	1.1539764e-01	3.6458262e-02
3.3000000e+01	3.9905793e-02	4.2662784e-02	1.5194086e-01	1.1587622e-01	3.6064638e-02
3.4000000e+01	4.0505274e-02	4.2870167e-02	1.5345035e-01	1.1723045e-01	3.6219902e-02
3.5000000e+01	4.1291010e-02	4.2671321e-02	1.5561592e-01	1.1909897e-01	3.6516949e-02
3.6000000e+01	4.2163922e-02	4.2236447e-02	1.5731324e-01	1.2082054e-01	3.6492699e-02
3.7000000e+01	4.3139800e-02	4.1794983e-02	1.5832624e-01	1.2230292e-01	3.6023318e-02
3.8000000e+01	4.4290309e-02	4.1431620e-02	1.5874294e-01	1.2366178e-01	3.5081162e-02
3.9000000e+01	4.5369443e-02	4.1214893e-02	1.5849061e-01	1.2461475e-01	3.3875863e-02
4.0000000e+01	4.6088793e-02	4.1162317e-02	1.5796756e-01	1.2507257e-01	3.2894986e-02
4.1000000e+01	4.6505117e-02	4.1174344e-02	1.5766471e-01	1.2533747e-01	3.2327238e-02
4.2000000e+01	4.6799631e-02	4.1179490e-02	1.5772870e-01	1.2566398e-01	3.2064722e-02
4.3000000e+01	4.7119058e-02	4.1164291e-02	1.5822618e-01	1.2623215e-01	3.1994031e-02
4.4000000e+01	4.7591097e-02	4.1114608e-02	1.5913919e-01	1.2716069e-01	3.1978497e-02
4.5000000e+01	4.8475395e-02	4.1046561e-02	1.6076612e-01	1.2885846e-01	3.1907668e-02
4.6000000e+01	4.8940657e-02	4.0906321e-02	1.6107496e-01	1.2947814e-01	3.1596824e-02
4.7000000e+01	4.9454698e-02	4.0739078e-02	1.6107584e-01	1.2999262e-01	3.1083224e-02
4.8000000e+01	5.0171903e-02	4.0492191e-02	1.6068612e-01	1.3051497e-01	3.0171159e-02
4.9000000e+01	5.0473760e-02	4.0364290e-02	1.6058893e-01	1.3076822e-01	2.9820704e-02
5.0000000e+01	5.0710198e-02	4.0279174e-02	1.6066460e-01	1.3104250e-01	2.9622101e-02
5.1000000e+01	5.1024426e-02	4.0291362e-02	1.6122840e-01	1.3163863e-01	2.9589776e-02
5.2000000e+01	5.1259197e-02	4.0230308e-02	1.6159549e-01	1.3205694e-01	2.9538546e-02
5.3000000e+01	5.1584014e-02	4.0162214e-02	1.6208035e-01	1.3262419e-01	2.9456161e-02
5.4000000e+01	5.2267444e-02	4.0099551e-02	1.6311850e-01	1.3382669e-01	2.9291808e-02
5.5000000e+01	5.2607152e-02	4.0000559e-02	1.6334952e-01	1.3428191e-01	2.9067609e-02
5.6000000e+01	5.2908598e-02	3.9892058e-02	1.6336431e-01	1.3459075e-01	2.8773558e-02
5.7000000e+01	5.3257731e-02	3.9778834e-02	1.6311524e-01	1.3481535e-01	2.8299887e-02
5.8000000e+01	5.3435635e-02	3.9691541e-02	1.6307206e-01	1.3497167e-01	2.8100396e-02
5.9000000e+01	5.3604917e-02	3.9625563e-02	1.6318091e-01	1.3519537e-01	2.7985538e-02
6.0000000e+01	5.3896033e-02	3.9593466e-02	1.6370912e-01	1.3575059e-01	2.7958526e-02
6.1000000e+01	5.4114070e-02	3.9534834e-02	1.6402851e-01	1.3612832e-01	2.7900183e-02
6.2000000e+01	5.4505413e-02	3.9481013e-02	1.6463244e-01	1.3682163e-01	2.7810806e-02
6.3000000e+01	5.4757155e-02	3.9411641e-02	1.6485956e-01	1.3718693e-01	2.7672625e-02
6.4000000e+01	5.5029966e-02	3.9341278e-02	1.6501877e-01	1.3753935e-01	2.7479422e-02
6.5000000e+01	5.5382119e-02	3.9279827e-02	1.6512548e-01	1.3794486e-01	2.7180623e-02
6.6000000e+01	5.5544387e-02	3.9215183e-02	1.6515944e-01	1.3812411e-01	2.7035335e-02
6.7000000e+01	5.5681949e-02	3.9156763e-02	1.6520728e-01	1.3828559e-01	2.6921689e-02
6.8000000e+01	5.5899296e-02	3.9111937e-02	1.6540119e-01	1.3859989e-01	2.6801301e-02
6.9000000e+01	5.6073775e-02	3.9060806e-02	1.6557353e-01	1.3886054e-01	2.6712991e-02
7.0000000e+01	5.6400240e-02	3.9012540e-02	1.6600538e-01	1.3940293e-01	2.6602448e-02
7.1000000e+01	5.6593190e-02	3.8960818e-02	1.6618860e-01	1.3968749e-01	2.6501108e-02
7.2000000e+01	5.6801977e-02	3.8909764e-02	1.6635258e-01	1.3997827e-01	2.6374312e-02
7.3000000e+01	5.7120796e-02	3.8864114e-02	1.6658291e-01	1.4041225e-01	2.6170660e-02
7.4000000e+01	5.7292529e-02	3.8818943e-02	1.6666748e-01	1.4062627e-01	2.6041210e-02
7.5000000e+01	5.7511949e-02	3.8784619e-02	1.6676737e-01	1.4089563e-01	2.5871734e-02
7.6000000e+01	5.7634150e-02	3.8743781e-02	1.6682323e-01	1.4104577e-01	2.5777464e-02
7.7000000e+01	5.7837633e-02	3.8710193e-02	1.6696362e-01	1.4131944e-01	2.5644176e-02
7.8000000e+01	5.7991880e-02	3.8671456e-02	1.6707515e-01	1.4152945e-01	2.5545695e-02
7.9000000e+01	5.8285793e-02	3.8636694e-02	1.6734218e-01	1.4195688e-01	2.5385295e-02
8.0000000e+01	5.8555041e-02	3.8599487e-02	1.6758399e-01	1.4234704e-01	2.5236956e-02
8.1000000e+01	5.8687553e-02	3.8562525e-02	1.6766681e-01	1.4252096e-01	2.5145850e-02
8.2000000e+01	5.8913989e-02	3.8524962e-02	1.6781083e-01	1.4281940e-01	2.4991425e-02
8.3000000e+01	5.9122271e-02	3.8490063e-02	1.6792480e-01	1.4308467e-01	2.4840127e-02
8.4000000e+01	5.9243374e-02	3.8458506e-02	1.6798355e-01	1.4323515e-01	2.4748399e-02
8.5000000e+01	5.9474692e-02	3.8431241e-02	1.6812736e-01	1.4353837e-01	2.4588988e-02
8.6000000e+01	5.9694107e-02	3.8405330e-02	1.6828113e-01	1.4383467e-01	2.4446458e-02
8.7000000e+01	5.9815256e-02	3.8379311e-02	1.6835553e-01	1.4399302e-01	2.4362510e-02
8.8000000e+01	6.0045498e-02	3.8349937e-02	1.6853339e-01	1.4431219e-01	2.4221196e-02
8.9000000e+01	6.0267557e-02	3.8319233e-02	1.6870182e-01	1.4461847e-01	2.4083352e-02
9.0000000e+01	6.0393463e-02	3.8293688e-02	1.6878292e-01	1.4478492e-01	2.3997995e-02
9.1000000e+01	6.0618584e-02	3.8263244e-02	1.6894320e-01	1.4509018e-01	2.3853017e-02
9.2000000e+01	6.0748024e-02	3.8239427e-02	1.6902186e-01	1.4525895e-01	2.3762906e-02
9.3000000e+01	6.0972650e-02	3.8211365e-02	1.6917748e-01	1.4556139e-01	2.3616089e-02
9.4000000e+01	6.1101854e-02	3.8188107e-02	1.6926033e-01	1.4573202e-01	2.3528309e-02
9.5000000e+01	6.1316240e-02	3.8161653e-02	1.6942066e-01	1.4602657e-01	2.3394089e-02
9.6000000e+01	6.1439619e-02	3.8139956e-02	1.6950622e-01	1.4619273e-01	2.3313492e-02
9.7000000e+01	6.1638555e-02	3.8114460e-02	1.6966135e-01	1.4646923e-01	2.3192120e-02
9.8000000e+01	6.1754262e-02	3.8093603e-02	1.6974303e-01	1.4662578e-01	2.3117251e-02
9.9000000e+01	6.1946272e-02	3.8067308e-02	1.6989263e-01	1.4689259e-01	2.3000045e-02
1.0000000e+02	6.2065147e-02	3.8046510e-02	1.6997944e-01	1.4705487e-01	2.2924573e-02
1.0100000e+02	6.2267013e-02	3.8020329e-02	1.7014729e-01	1.4734066e-01	2.2806631e-02
1.0200000e+02	6.2381193e-02	3.8000867e-02	1.7023534e-01	1.4749886e-01	2.2736475e-02
1.0300000e+02	6.2570393e-02	3.7978186e-02	1.7040108e-01	1.4777093e-01	2.2630146e-02
1.0400000e+02	6.2672604e-02	3.7960601e-02	1.7048052e-01	1.4791286e-01	2.2567657e-02
1.0500000e+02	6.2847292e-02	3.7940251e-02	1.7063258e-01	1.4816358e-01	2.2468997e-02
1.0600000e+02	6.3000260e-02	3.7921054e-02	1.7076643e-01	1.4838348e-01	2.2382957e-02
1.0700000e+02	6.3083720e-02	3.7904575e-02	1.7082599e-01	1.4849671e-01	2.2329276e-02
1.0800000e+02	6.3239982e-02	3.7884523e-02	1.7096349e-01	1.4872173e-01	2.2241763e-02
1.0900000e+02	6.3390687e-02	3.7865324e-02	1.7109718e-01	1.4893928e-01	2.2157900e-02
1.1000000e+02	6.3480677e-02	3.7848146e-02	1.7117137e-01	1.4906636e-01	2.2105008e-02
1.1100000e+02	6.3650149e-02	3.7829349e-02	1.7133720e-01	1.4931875e-01	2.2018448e-02
1.1200000e+02	6.3805824e-02	3.7812664e-02	1.7149665e-01	1.4955415e-01	2.1942499e-02
1.1300000e+02	6.3884128e-02	3.7797577e-02	1.7156106e-01	1.4966466e-01	2.1896400e-02
1.1400000e+02	6.4031610e-02	3.7782350e-02	1.7171014e-01	1.4988668e-01	2.1823463e-02
1.1500000e+02	6.4118897e-02	3.7765695e-02	1.7177981e-01	1.5000880e-01	2.1771009e-02
1.1600000e+02	6.4295151e-02	3.7748010e-02	1.7196178e-01	1.5027604e-01	2.1685739e-02
1.1700000e+02	6.4379910e-02	3.7729009e-02	1.7202876e-01	1.5039429e-01	2.1634469e-02
1.1800000e+02	6.4540406e-02	3.7708776e-02	1.7219125e-01	1.5063603e-01	2.1555220e-02
1.1900000e+02	6.4622449e-02	3.7688263e-02	1.7225454e-01	1.5074972e-01	2.1504820e-02
1.2000000e+02	6.4779593e-02	3.7666427e-02	1.7240815e-01	1.5098367e-01	2.1424483e-02
1.2100000e+02	6.4918414e-02	3.7645785e-02	1.7253962e-01	1.5118822e-01	2.1351394e-02
1.2200000e+02	6.4991305e-02	3.7625340e-02	1.7259743e-01	1.5129002e-01	2.1307408e-02
1.2300000e+02	6.5132152e-02	3.7605342e-02	1.7272618e-01	1.5149524e-01	2.1230937e-02
1.2400000e+02	6.5273519e-02	3.7586484e-02	1.7285986e-01	1.5170345e-01	2.1156410e-02
1.2500000e+02	6.5348413e-02	3.7567418e-02	1.7291493e-01	1.5180588e-01	2.1109050e-02
1.2600000e+02	6.5494638e-02	3.7550453e-02	1.7305513e-01	1.5202220e-01	2.1032928e-02
1.2700000e+02	6.5577485e-02	3.7531120e-02	1.7311633e-01	1.5213565e-01	2.0980680e-02
1.2800000e+02	6.5734153e-02	3.7515624e-02	1.7327589e-01	1.5237210e-01	2.0903792e-02
1.2900000e+02	6.5814569e-02	3.7497533e-02	1.7333529e-01	1.5248221e-01	2.0853074e-02
1.3000000e+02	6.5905232e-02	3.7479654e-02	1.7340905e-01	1.5260976e-01	2.0799292e-02
1.3100000e+02	6.6073756e-02	3.7466395e-02	1.7359337e-01	1.5287044e-01	2.0722930e-02
1.3200000e+02	6.6153374e-02	3.7449564e-02	1.7365571e-01	1.5298123e-01	2.0674483e-02
1.3300000e+02	6.6235636e-02	3.7433610e-02	1.7371696e-01	1.5309411e-01	2.0622842e-02
1.3400000e+02	6.6391999e-02	3.7420128e-02	1.7387766e-01	1.5333083e-01	2.0546832e-02
1.3500000e+02	6.6469609e-02	3.7404988e-02	1.7393470e-01	1.5343696e-01	2.0497743e-02
1.3600000e+02	6.6605038e-02	3.7392646e-02	1.7407184e-01	1.5364096e-01	2.0430879e-02
1.3700000e+02	6.6672821e-02	3.7378811e-02	1.7412109e-01	1.5373336e-01	2.0387723e-02
1.3800000e+02	6.6802149e-02	3.7368355e-02	1.7425408e-01	1.5392919e-01	2.0324892e-02
1.3900000e+02	6.6871068e-02	3.7355618e-02	1.7430759e-01	1.5402487e-01	2.0282729e-02
1.4000000e+02	6.7010792e-02	3.7346038e-02	1.7445716e-01	1.5423937e-01	2.0217786e-02
1.4100000e+02	6.7078857e-02	3.7334138e-02	1.7451268e-01	1.5433520e-01	2.0177483e-02
1.4200000e+02	6.7211662e-02	3.7324767e-02	1.7465778e-01	1.5454055e-01	2.0117229e-02
1.4300000e+02	6.7276216e-02	3.7313161e-02	1.7471090e-01	1.5463167e-01	2.0079234e-02
1.4400000e+02	6.7401011e-02	3.7302385e-02	1.7484291e-01	1.5482247e-01	2.0020443e-02
1.4500000e+02	6.7469446e-02	3.7289913e-02	1.7489960e-01	1.5491924e-01	1.9980352e-02
1.4600000e+02	6.7594138e-02	3.7277440e-02	1.7502745e-01	1.5510787e-01	1.9919589e-02
1.4700000e+02	6.7667327e-02	3.7264117e-02	1.7508891e-01	1.5521178e-01	1.9877127e-02
1.4800000e+02	6.7789819e-02	3.7251414e-02	1.7521346e-01	1.5539655e-01	1.9816909e-02
1.4900000e+02	6.7860943e-02	3.7238727e-02	1.7527571e-01	1.5549880e-01	1.9776914e-02
1.5000000e+02	6.7978991e-02	3.7226878e-02	1.7539559e-01	1.5567678e-01	1.9718802e-02
1.5100000e+02	6.8047414e-02	3.7214852e-02	1.7545443e-01	1.5577463e-01	1.9679800e-02
1.5200000e+02	6.8158550e-02	3.7203460e-02	1.7556664e-01	1.5594187e-01	1.9624769e-02
1.5300000e+02	6.8222794e-02	3.7191819e-02	1.7562135e-01	1.5603347e-01	1.9587882e-02
1.5400000e+02	6.8331114e-02	3.7181277e-02	1.7573187e-01	1.5619705e-01	1.9534822e-02
1.5500000e+02	6.8392876e-02	3.7170492e-02	1.7578438e-01	1.5628507e-01	1.9499313e-02
1.5600000e+02	6.8501729e-02	3.7161521e-02	1.7589885e-01	1.5645115e-01	1.9447694e-02
1.5700000e+02	6.8558717e-02	3.7151793e-02	1.7594637e-01	1.5653190e-01	1.9414470e-02
1.5800000e+02	6.8661665e-02	3.7144328e-02	1.7605741e-01	1.5669037e-01	1.9367038e-02
1.5900000e+02	6.8713125e-02	3.7135852e-02	1.7610030e-01	1.5676327e-01	1.9337022e-02
1.6000000e+02	6.8772943e-02	3.7127429e-02	1.7615675e-01	1.5685132e-01	1.9305432e-02
1.6100000e+02	6.8898390e-02	3.7122090e-02	1.7630429e-01	1.5705053e-01	1.9253755e-02
1.6200000e+02	6.8951474e-02	3.7115193e-02	1.7635693e-01	1.5712994e-01	1.9226992e-02
1.6300000e+02	6.9004369e-02	3.7108693e-02	1.7640742e-01	1.5720808e-01	1.9199339e-02
1.6400000e+02	6.9067377e-02	3.7101832e-02	1.7647225e-01	1.5730350e-01	1.9168747e-02
1.6500000e+02	6.9187460e-02	3.7096033e-02	1.7662014e-01	1.5749753e-01	1.9122610e-02
1.6600000e+02	6.9233659e-02	3.7090486e-02	1.7666745e-01	1.5756738e-01	1.9100064e-02
1.6700000e+02	6.9278059e-02	3.7085140e-02	1.7670732e-01	1.5763172e-01	1.9075600e-02
1.6800000e+02	6.9333120e-02	3.7079202e-02	1.7675855e-01	1.5771240e-01	1.9046157e-02
1.6900000e+02	6.9437226e-02	3.7073182e-02	1.7686637e-01	1.5787041e-01	1.8995958e-02
1.7000000e+02	6.9492518e-02	3.7068293e-02	1.7692141e-01	1.5795322e-01	1.8968186e-02
1.7100000e+02	6.9546097e-02	3.7064329e-02	1.7697628e-01	1.5803424e-01	1.8942044e-02
1.7200000e+02	6.9640688e-02	3.7060365e-02	1.7708578e-01	1.5818358e-01	1.8902202e-02
1.7300000e+02	6.9688057e-02	3.7056809e-02	1.7713369e-01	1.5825490e-01	1.8878786e-02
1.7400000e+02	6.9738266e-02	3.7052320e-02	1.7718359e-01	1.5833006e-01	1.8853528e-02
1.7500000e+02	6.9824968e-02	3.7047846e-02	1.7726847e-01	1.5845920e-01	1.8809269e-02
1.7600000e+02	6.9870503e-02	3.7043179e-02	1.7731038e-01	1.5852569e-01	1.8784686e-02
1.7700000e+02	6.9919110e-02	3.7039514e-02	1.7735162e-01	1.5859492e-01	1.8756701e-02
1.7800000e+02	7.0008195e-02	3.7036244e-02	1.7743735e-01	1.5872687e-01	1.8710479e-02
1.7900000e+02	7.0053821e-02	3.7032579e-02	1.7747719e-01	1.5879242e-01	1.8684775e-02
1.8000000e+02	7.0105408e-02	3.7027295e-02	1.7752422e-01	1.5886752e-01	1.8656702e-02
1.8100000e+02	7.0204946e-02	3.7022419e-02	1.7762497e-01	1.5901743e-01	1.8607537e-02
1.8200000e+02	7.0251081e-02	3.7015184e-02	1.7766738e-01	1.5908477e-01	1.8582608e-02
1.8300000e+02	7.0297258e-02	3.7008050e-02	1.7770378e-01	1.5914915e-01	1.8554634e-02
1.8400000e+02	7.0393932e-02	3.7000845e-02	1.7779620e-01	1.5929203e-01	1.8504169e-02
1.8500000e+02	7.0434926e-02	3.6993833e-02	1.7782526e-01	1.5934756e-01	1.8477705e-02
1.8600000e+02	7.0480556e-02	3.6985360e-02	1.7785701e-01	1.5940906e-01	1.8447947e-02
1.8700000e+02	7.0564132e-02	3.6976646e-02	1.7791853e-01	1.5952340e-01	1.8395135e-02
1.8800000e+02	7.0614710e-02	3.6967087e-02	1.7795303e-01	1.5959122e-01	1.8361805e-02
1.8900000e+02	7.0665508e-02	3.6958092e-02	1.7798370e-01	1.5965736e-01	1.8326344e-02
1.9000000e+02	7.0757256e-02	3.6948888e-02	1.7805505e-01	1.5978478e-01	1.8270269e-02
1.9100000e+02	7.0809490e-02	3.6941481e-02	1.7808621e-01	1.5985260e-01	1.8233616e-02
1.9200000e+02	7.0861055e-02	3.6934210e-02	1.7811801e-01	1.5992006e-01	1.8197952e-02
1.9300000e+02	7.0917380e-02	3.6927487e-02	1.7814745e-01	1.5999110e-01	1.8156344e-02
1.9400000e+02	7.0980803e-02	3.6920553e-02	1.7818353e-01	1.6007257e-01	1.8110964e-02
1.9500000e+02	7.1075977e-02	3.6916464e-02	1.7824756e-01	1.6019976e-01	1.8047802e-02
1.9600000e+02	7.1117930e-02	3.6911845e-02	1.7827181e-01	1.6025384e-01	1.8017977e-02
1.9700000e+02	7.1153519e-02	3.6908464e-02	1.7828633e-01	1.6029668e-01	1.7989645e-02
1.9800000e+02	7.1195268e-02	3.6904712e-02	1.7830520e-01	1.6034787e-01	1.7957331e-02
1.9900000e+02	7.1251830e-02	3.6900955e-02	1.7832914e-01	1.6041640e-01	1.7912741e-02
2.0000000e+02	7.1365256e-02	3.6897083e-02	1.7841603e-01	1.6057327e-01	1.7842762e-02
2.0100000e+02	7.1398922e-02	3.6892471e-02	1.7843179e-01	1.6061482e-01	1.7816974e-02
2.0200000e+02	7.1427940e-02	3.6888321e-02	1.7844841e-01	1.6065214e-01	1.7796264e-02
2.0300000e+02	7.1460853e-02	3.6884853e-02	1.7846300e-01	1.6069235e-01	1.7770645e-02
2.0400000e+02	7.1506643e-02	3.6880759e-02	1.7849023e-01	1.6075176e-01	1.7738471e-02
2.0500000e+02	7.1561952e-02	3.6877115e-02	1.7852291e-01	1.6082341e-01	1.7699500e-02
2.0600000e+02	7.1621564e-02	3.6873489e-02	1.7856707e-01	1.6090510e-01	1.7661972e-02
2.0700000e+02	7.1674981e-02	3.6871107e-02	1.7860938e-01	1.6097967e-01	1.7629711e-02
2.0800000e+02	7.1719737e-02	3.6868160e-02	1.7865013e-01	1.6104480e-01	1.7605330e-02
2.0900000e+02	7.1756282e-02	3.6865804e-02	1.7867984e-01	1.6109620e-01	1.7583639e-02
2.1000000e+02	7.1792934e-02	3.6862690e-02	1.7870983e-01	1.6114785e-01	1.7561982e-02
2.1100000e+02	7.1826582e-02	3.6859382e-02	1.7873033e-01	1.6119175e-01	1.7538585e-02
2.1200000e+02	7.1866534e-02	3.6855303e-02	1.7875592e-01	1.6124450e-01	1.7511427e-02
2.1300000e+02	7.1907962e-02	3.6852126e-02	1.7877859e-01	1.6129726e-01	1.7481333e-02
2.1400000e+02	7.1949084e-02	3.6848958e-02	1.7880519e-01	1.6135168e-01	1.7453512e-02
2.1500000e+02	7.1994493e-02	3.6845773e-02	1.7883092e-01	1.6140995e-01	1.7420968e-02
2.1600000e+02	7.2043438e-02	3.6841162e-02	1.7886058e-01	1.6147373e-01	1.7386851e-02
2.1700000e+02	7.2086381e-02	3.6837134e-02	1.7888137e-01	1.6152706e-01	1.7354301e-02
2.1800000e+02	7.2138833e-02	3.6832766e-02	1.7890717e-01	1.6159242e-01	1.7314752e-02
2.1900000e+02	7.2188655e-02	3.6828814e-02	1.7892376e-01	1.6165053e-01	1.7273223e-02
2.2000000e+02	7.2270401e-02	3.6824931e-02	1.7895658e-01	1.6174869e-01	1.7207891e-02
2.2100000e+02	7.2302502e-02	3.6821405e-02	1.7895991e-01	1.6178246e-01	1.7177453e-02
2.2200000e+02	7.2336588e-02	3.6817450e-02	1.7896367e-01	1.6181842e-01	1.7145246e-02
2.2300000e+02	7.2373927e-02	3.6813212e-02	1.7896197e-01	1.6185491e-01	1.7107059e-02
2.2400000e+02	7.2446989e-02	3.6808039e-02	1.7896964e-01	1.6193181e-01	1.7037834e-02
2.2500000e+02	7.2489962e-02	3.6804393e-02	1.7897265e-01	1.6197629e-01	1.6996363e-02
2.2600000e+02	7.2531501e-02	3.6801609e-02	1.7898251e-01	1.6202275e-01	1.6959752e-02
2.2700000e+02	7.2573917e-02	3.6799255e-02	1.7898976e-01	1.6206880e-01	1.6920963e-02
2.2800000e+02	7.2651033e-02	3.6796036e-02	1.7901611e-01	1.6215909e-01	1.6857023e-02
2.2900000e+02	7.2678416e-02	3.6792271e-02	1.7902014e-01	1.6218849e-01	1.6831656e-02
2.3000000e+02	7.2702868e-02	3.6788290e-02	1.7902711e-01	1.6221642e-01	1.6810686e-02
2.3100000e+02	7.2726621e-02	3.6785919e-02	1.7903005e-01	1.6224164e-01	1.6788402e-02
2.3200000e+02	7.2768765e-02	3.6784405e-02	1.7904906e-01	1.6229329e-01	1.6755763e-02
2.3300000e+02	7.2783596e-02	3.6782690e-02	1.7905263e-01	1.6230991e-01	1.6742719e-02
2.3400000e+02	7.2799249e-02	3.6778507e-02	1.7906172e-01	1.6233011e-01	1.6731613e-02
2.3500000e+02	7.2810484e-02	3.6775537e-02	1.7907031e-01	1.6234564e-01	1.6724669e-02
2.3600000e+02	7.2832674e-02	3.6770696e-02	1.7910323e-01	1.6238429e-01	1.6718940e-02
2.3700000e+02	7.2839278e-02	3.6768210e-02	1.7911536e-01	1.6239696e-01	1.6718401e-02
2.3800000e+02	7.2843694e-02	3.6764758e-02	1.7913147e-01	1.6240943e-01	1.6722041e-02
2.3900000e+02	7.2841870e-02	3.6762780e-02	1.7914776e-01	1.6241575e-01	1.6732011e-02
2.4000000e+02	7.2833928e-02	3.6758906e-02	1.7919040e-01	1.6242913e-01	1.6761273e-02
2.4100000e+02	7.2826771e-02	3.6756367e-02	1.7920460e-01	1.6242907e-01	1.6775530e-02
2.4200000e+02	7.2818052e-02	3.6752819e-02	1.7922460e-01	1.6243035e-01	1.6794249e-02
2.4300000e+02	7.2802759e-02	3.6751638e-02	1.7924391e-01	1.6242471e-01	1.6819197e-02
2.4400000e+02	7.2777497e-02	3.6749287e-02	1.7928338e-01	1.6241919e-01	1.6864192e-02
2.4500000e+02	7.2762503e-02	3.6747995e-02	1.7930168e-01	1.6241334e-01	1.6888334e-02
2.4600000e+02	7.2749423e-02	3.6745107e-02	1.7932343e-01	1.6241114e-01	1.6912290e-02
2.4700000e+02	7.2728615e-02	3.6744034e-02	1.7935082e-01	1.6240402e-01	1.6946795e-02
2.4800000e+02	7.2720703e-02	3.6742253e-02	1.7936896e-01	1.6240519e-01	1.6963778e-02
2.4900000e+02	7.2712615e-02	3.6742066e-02	1.7938295e-01	1.6240409e-01	1.6978862e-02
2.5000000e+02	7.2706795e-02	3.6740618e-02	1.7940820e-01	1.6241090e-01	1.6997307e-02
2.5100000e+02	7.2704143e-02	3.6740772e-02	1.7941764e-01	1.6241296e-01	1.7004676e-02
2.5200000e+02	7.2706730e-02	3.6739242e-02	1.7942969e-01	1.6242157e-01	1.7008113e-02
2.5300000e+02	7.2711075e-02	3.6737788e-02	1.7943653e-01	1.6242934e-01	1.7007192e-02
2.5400000e+02	7.2729697e-02	3.6733448e-02	1.7945678e-01	1.6245809e-01	1.6998693e-02
2.5500000e+02	7.2738576e-02	3.6732672e-02	1.7946141e-01	1.6246928e-01	1.6992128e-02
2.5600000e+02	7.2751168e-02	3.6730732e-02	1.7946800e-01	1.6248517e-01	1.6982831e-02
2.5700000e+02	7.2765004e-02	3.6728603e-02	1.7946897e-01	1.6249949e-01	1.6969481e-02
2.5800000e+02	7.2794852e-02	3.6723069e-02	1.7947753e-01	1.6253362e-01	1.6943916e-02
2.5900000e+02	7.2804504e-02	3.6720545e-02	1.7947751e-01	1.6254326e-01	1.6934249e-02
2.6000000e+02	7.2816323e-02	3.6716954e-02	1.7948101e-01	1.6255683e-01	1.6924181e-02
2.6100000e+02	7.2832005e-02	3.6714119e-02	1.7948280e-01	1.6257341e-01	1.6909396e-02
2.6200000e+02	7.2840109e-02	3.6711209e-02	1.7948721e-01	1.6258372e-01	1.6903499e-02
2.6300000e+02	7.2845157e-02	3.6709151e-02	1.7948748e-01	1.6258890e-01	1.6898581e-02
2.6400000e+02	7.2854292e-02	3.6704697e-02	1.7949447e-01	1.6260153e-01	1.6892945e-02
2.6500000e+02	7.2855514e-02	3.6702461e-02	1.7949437e-01	1.6260270e-01	1.6891671e-02
2.6600000e+02	7.2858222e-02	3.6699449e-02	1.7949829e-01	1.6260737e-01	1.6890922e-02
2.6700000e+02	7.2856732e-02	3.6698253e-02	1.7950150e-01	1.6260748e-01	1.6894017e-02
2.6800000e+02	7.2857524e-02	3.6695907e-02	1.7950676e-01	1.6261091e-01	1.6895858e-02
2.6900000e+02	7.2853010e-02	3.6693920e-02	1.7951233e-01	1.6260917e-01	1.6903155e-02
2.7000000e+02	7.2852508e-02	3.6689850e-02	1.7951943e-01	1.6261222e-01	1.6907206e-02
2.7100000e+02	7.2848851e-02	3.6686897e-02	1.7952384e-01	1.6261077e-01	1.6913067e-02
2.7200000e+02	7.2846746e-02	3.6682469e-02	1.7953685e-01	1.6261517e-01	1.6921679e-02
2.7300000e+02	7.2843473e-02	3.6681002e-02	1.7954084e-01	1.6261389e-01	1.6926945e-02
2.7400000e+02	7.2842553e-02	3.6678894e-02	1.7955183e-01	1.6261847e-01	1.6933359e-02
2.7500000e+02	7.2840273e-02	3.6678284e-02	1.7955326e-01	1.6261690e-01	1.6936358e-02
2.7600000e+02	7.2841857e-02	3.6675743e-02	1.7955836e-01	1.6262104e-01	1.6937323e-02
2.7700000e+02	7.2844542e-02	3.6673852e-02	1.7956113e-01	1.6262511e-01	1.6936024e-02
2.7800000e+02	7.2850173e-02	3.6670438e-02	1.7956441e-01	1.6263238e-01	1.6932031e-02
2.7900000e+02	7.2856425e-02	3.6668862e-02	1.7956325e-01	1.6263805e-01	1.6925201e-02
2.8000000e+02	7.2874238e-02	3.6666561e-02	1.7956673e-01	1.6265760e-01	1.6909128e-02
2.8100000e+02	7.2883396e-02	3.6665437e-02	1.7956349e-01	1.6266514e-01	1.6898347e-02
2.8200000e+02	7.2897174e-02	3.6662902e-02	1.7956267e-01	1.6267851e-01	1.6884163e-02
2.8300000e+02	7.2911988e-02	3.6661263e-02	1.7955632e-01	1.6269015e-01	1.6866170e-02
2.8400000e+02	7.2941660e-02	3.6657967e-02	1.7955204e-01	1.6271768e-01	1.6834361e-02
2.8500000e+02	7.2955891e-02	3.6656447e-02	1.7954559e-01	1.6272868e-01	1.6816902e-02
2.8600000e+02	7.2975969e-02	3.6654131e-02	1.7954259e-01	1.6274727e-01	1.6795328e-02
2.8700000e+02	7.3006039e-02	3.6653624e-02	1.7953196e-01	1.6277202e-01	1.6759943e-02
2.8800000e+02	7.3026609e-02	3.6651423e-02	1.7952814e-01	1.6279068e-01	1.6737463e-02
2.8900000e+02	7.3059192e-02	3.6649788e-02	1.7951306e-01	1.6281572e-01	1.6697340e-02
2.9000000e+02	7.3077131e-02	3.6647381e-02	1.7950814e-01	1.6283120e-01	1.6676938e-02
2.9100000e+02	7.3102364e-02	3.6645484e-02	1.7949209e-01	1.6284841e-01	1.6643681e-02
2.9200000e+02	7.3120367e-02	3.6643664e-02	1.7948503e-01	1.6286288e-01	1.6622148e-02
2.9300000e+02	7.3146135e-02	3.6643852e-02	1.7946549e-01	1.6287888e-01	1.6586608e-02
2.9400000e+02	7.3162974e-02	3.6642813e-02	1.7945791e-01	1.6289193e-01	1.6565982e-02
2.9500000e+02	7.3188021e-02	3.6642410e-02	1.7943611e-01	1.6290607e-01	1.6530034e-02
2.9600000e+02	7.3204404e-02	3.6640802e-02	1.7942732e-01	1.6291807e-01	1.6509256e-02
2.9700000e+02	7.3225972e-02	3.6640503e-02	1.7940673e-01	1.6292934e-01	1.6477395e-02
2.9800000e+02	7.3242023e-02	3.6639325e-02	1.7939821e-01	1.6294113e-01	1.6457084e-02
2.9900000e+02	7.3257559e-02	3.6639968e-02	1.7938314e-01	1.6294913e-01	1.6434011e-02
3.0000000e+02	7.3286335e-02	3.6640236e-02	1.7936247e-01	1.6296757e-01	1.6394902e-02
3.0100000e+02	7.3296335e-02	3.6641531e-02	1.7934944e-01	1.6297105e-01	1.6378386e-02
3.0200000e+02	7.3309032e-02	3.6641309e-02	1.7934057e-01	1.6297932e-01	1.6361254e-02
3.0300000e+02	7.3321998e-02	3.6641098e-02	1.7932596e-01	1.6298498e-01	1.6340983e-02
3.0400000e+02	7.3349858e-02	3.6639692e-02	1.7930869e-01	1.6300420e-01	1.6304488e-02
3.0500000e+02	7.3362321e-02	3.6640468e-02	1.7929540e-01	1.6301002e-01	1.6285382e-02
3.0600000e+02	7.3376400e-02	3.6640954e-02	1.7928679e-01	1.6301980e-01	1.6266996e-02
3.0700000e+02	7.3389325e-02	3.6642569e-02	1.7927260e-01	1.6302563e-01	1.6246977e-02
3.0800000e+02	7.3419300e-02	3.6643177e-02	1.7925221e-01	1.6304540e-01	1.6206804e-02
3.0900000e+02	7.3430856e-02	3.6643994e-02	1.7923852e-01	1.6305012e-01	1.6188404e-02
3.1000000e+02	7.3445473e-02	3.6643835e-02	1.7922904e-01	1.6305999e-01	1.6169047e-02
3.1100000e+02	7.3460277e-02	3.6644554e-02	1.7921279e-01	1.6306667e-01	1.6146116e-02
3.1200000e+02	7.3490766e-02	3.6644749e-02	1.7919182e-01	1.6308668e-01	1.6105146e-02
3.1300000e+02	7.3504436e-02	3.6646089e-02	1.7917855e-01	1.6309371e-01	1.6084837e-02
3.1400000e+02	7.3520949e-02	3.6646252e-02	1.7917016e-01	1.6310603e-01	1.6064130e-02
3.1500000e+02	7.3547523e-02	3.6645603e-02	1.7914858e-01	1.6312181e-01	1.6026768e-02
3.1600000e+02	7.3563228e-02	3.6643735e-02	1.7914245e-01	1.6313445e-01	1.6007996e-02
3.1700000e+02	7.3578356e-02	3.6643269e-02	1.7913061e-01	1.6314366e-01	1.5986948e-02
3.1800000e+02	7.3608644e-02	3.6642472e-02	1.7911431e-01	1.6316580e-01	1.5948514e-02
3.1900000e+02	7.3621704e-02	3.6642849e-02	1.7910229e-01	1.6317285e-01	1.5929440e-02
3.2000000e+02	7.3638666e-02	3.6641709e-02	1.7909355e-01	1.6318544e-01	1.5908109e-02
3.2100000e+02	7.3663842e-02	3.6641669e-02	1.7906926e-01	1.6319847e-01	1.5870789e-02
3.2200000e+02	7.3680814e-02	3.6639549e-02	1.7905925e-01	1.6321044e-01	1.5848813e-02
3.2300000e+02	7.3694346e-02	3.6639071e-02	1.7904512e-01	1.6321691e-01	1.5828214e-02
3.2400000e+02	7.3727393e-02	3.6637833e-02	1.7902066e-01	1.6323772e-01	1.5782939e-02
3.2500000e+02	7.3736809e-02	3.6639078e-02	1.7900964e-01	1.6324163e-01	1.5768009e-02
3.2600000e+02	7.3748161e-02	3.6638918e-02	1.7900379e-01	1.6325005e-01	1.5753732e-02
3.2700000e+02	7.3759608e-02	3.6638879e-02	1.7899179e-01	1.6325550e-01	1.5736287e-02
3.2800000e+02	7.3786847e-02	3.6636882e-02	1.7897696e-01	1.6327533e-01	1.5701635e-02
3.2900000e+02	7.3797103e-02	3.6636107e-02	1.7896631e-01	1.6328026e-01	1.5686052e-02
3.3000000e+02	7.3811066e-02	3.6634392e-02	1.7896029e-01	1.6329121e-01	1.5669078e-02
3.3100000e+02	7.3827107e-02	3.6634158e-02	1.7894782e-01	1.6330102e-01	1.5646804e-02
3.3200000e+02	7.3846823e-02	3.6633170e-02	1.7893974e-01	1.6331670e-01	1.5623049e-02
3.3300000e+02	7.3875942e-02	3.6633418e-02	1.7891964e-01	1.6333576e-01	1.5583877e-02
3.3400000e+02	7.3890050e-02	3.6632071e-02	1.7891330e-01	1.6334670e-01	1.5566598e-02
3.3500000e+02	7.3899707e-02	3.6632184e-02	1.7890167e-01	1.6335054e-01	1.5551126e-02
3.3600000e+02	7.3912900e-02	3.6630600e-02	1.7889242e-01	1.6335911e-01	1.5533308e-02
3.3700000e+02	7.3932703e-02	3.6631065e-02	1.7887037e-01	1.6336789e-01	1.5502483e-02
3.3800000e+02	7.3949046e-02	3.6630893e-02	1.7885878e-01	1.6337844e-01	1.5480345e-02
3.3900000e+02	7.3972652e-02	3.6632574e-02	1.7883400e-01	1.6338965e-01	1.5444346e-02
3.4000000e+02	7.3989351e-02	3.6632726e-02	1.7882259e-01	1.6340065e-01	1.5421947e-02
3.4100000e+02	7.4006726e-02	3.6633704e-02	1.7880339e-01	1.6340842e-01	1.5394969e-02
3.4200000e+02	7.4028472e-02	3.6633355e-02	1.7878632e-01	1.6342163e-01	1.5364686e-02
3.4300000e+02	7.4055544e-02	3.6634325e-02	1.7875620e-01	1.6343364e-01	1.5322555e-02
3.4400000e+02	7.4068586e-02	3.6633752e-02	1.7874696e-01	1.6344207e-01	1.5304896e-02
3.4500000e+02	7.4079560e-02	3.6634723e-02	1.7873314e-01	1.6344613e-01	1.5287009e-02
3.4600000e+02	7.4092833e-02	3.6635095e-02	1.7872418e-01	1.6345492e-01	1.5269257e-02
3.4700000e+02	7.4105374e-02	3.6635467e-02	1.7870905e-01	1.6345990e-01	1.5249150e-02
3.4800000e+02	7.4122813e-02	3.6634821e-02	1.7869607e-01	1.6347085e-01	1.5225224e-02
3.4900000e+02	7.4138773e-02	3.6634133e-02	1.7867744e-01	1.6347749e-01	1.5199947e-02
3.5000000e+02	7.4154760e-02	3.6633241e-02	1.7866586e-01	1.6348769e-01	1.5178169e-02
3.5100000e+02	7.4169287e-02	3.6633935e-02	1.7864810e-01	1.6349334e-01	1.5154763e-02
3.5200000e+02	7.4184999e-02	3.6634239e-02	1.7863632e-01	1.6350316e-01	1.5133159e-02
3.5300000e+02	7.4195534e-02	3.6635731e-02	1.7862162e-01	1.6350634e-01	1.5115274e-02
3.5400000e+02	7.4209325e-02	3.6635718e-02	1.7861016e-01	1.6351441e-01	1.5095756e-02
3.5500000e+02	7.4220928e-02	3.6636228e-02	1.7859280e-01	1.6351733e-01	1.5075471e-02
3.5600000e+02	7.4235573e-02	3.6635201e-02	1.7858034e-01	1.6352574e-01	1.5054599e-02
3.5700000e+02	7.4249361e-02	3.6635054e-02	1.7856357e-01	1.6353115e-01	1.5032425e-02
3.5800000e+02	7.4268483e-02	3.6635525e-02	1.7854991e-01	1.6354344e-01	1.5006474e-02
3.5900000e+02	7.4286285e-02	3.6637043e-02	1.7853227e-01	1.6355242e-01	1.4979852e-02
3.6000000e+02	7.4306209e-02	3.6637586e-02	1.7851934e-01	1.6356588e-01	1.4953460e-02
3.6100000e+02	7.4325970e-02	3.6638389e-02	1.7850114e-01	1.6357654e-01	1.4924602e-02
3.6200000e+02	7.4348530e-02	3.6638189e-02	1.7848726e-01	1.6359216e-01	1.4895098e-02
3.6300000e+02	7.4369478e-02	3.6638258e-02	1.7846831e-01	1.6360364e-01	1.4864678e-02
3.6400000e+02	7.4391434e-02	3.6637281e-02	1.7845550e-01	1.6361918e-01	1.4836316e-02
3.6500000e+02	7.4413041e-02	3.6638003e-02	1.7843734e-01	1.6363171e-01	1.4805630e-02
3.6600000e+02	7.4441422e-02	3.6638446e-02	1.7842065e-01	1.6365175e-01	1.4768902e-02
3.6700000e+02	7.4464203e-02	3.6640711e-02	1.7840112e-01	1.6366477e-01	1.4736358e-02
3.6800000e+02	7.4488673e-02	3.6641328e-02	1.7838549e-01	1.6368142e-01	1.4704072e-02
3.6900000e+02	7.4511248e-02	3.6642255e-02	1.7836456e-01	1.6369353e-01	1.4671030e-02
3.7000000e+02	7.4535709e-02	3.6641654e-02	1.7834994e-01	1.6371068e-01	1.4639262e-02
3.7100000e+02	7.4554644e-02	3.6641894e-02	1.7833323e-01	1.6372126e-01	1.4611973e-02
3.7200000e+02	7.4573276e-02	3.6641471e-02	1.7832377e-01	1.6373516e-01	1.4588609e-02
3.7300000e+02	7.4590946e-02	3.6642352e-02	1.7830987e-01	1.6374588e-01	1.4563992e-02
3.7400000e+02	7.4610025e-02	3.6642694e-02	1.7830113e-01	1.6376059e-01	1.4540537e-02
3.7500000e+02	7.4625073e-02	3.6643762e-02	1.7828839e-01	1.6376927e-01	1.4519123e-02
3.7600000e+02	7.4643382e-02	3.6643205e-02	1.7827930e-01	1.6378303e-01	1.4496270e-02
3.7700000e+02	7.4660730e-02	3.6643071e-02	1.7826424e-01	1.6379285e-01	1.4471390e-02
3.7800000e+02	7.4681587e-02	3.6642107e-02	1.7825324e-01	1.6380820e-01	1.4445030e-02
3.7900000e+02	7.4697843e-02	3.6642325e-02	1.7823972e-01	1.6381770e-01	1.4422015e-02
3.8000000e+02	7.4715444e-02	3.6642402e-02	1.7823145e-01	1.6383117e-01	1.4400283e-02
3.8100000e+02	7.4730102e-02	3.6644391e-02	1.7821776e-01	1.6383898e-01	1.4378780e-02
3.8200000e+02	7.4745083e-02	3.6644887e-02	1.7820952e-01	1.6384984e-01	1.4359676e-02
3.8300000e+02	7.4758546e-02	3.6645872e-02	1.7819527e-01	1.6385618e-01	1.4339089e-02
3.8400000e+02	7.4776689e-02	3.6645000e-02	1.7818338e-01	1.6386838e-01	1.4314998e-02
3.8500000e+02	7.4794153e-02	3.6645955e-02	1.7816592e-01	1.6387711e-01	1.4288805e-02
3.8600000e+02	7.4814158e-02	3.6645695e-02	1.7815386e-01	1.6389109e-01	1.4262769e-02
3.8700000e+02	7.4834336e-02	3.6646450e-02	1.7813630e-01	1.6390249e-01	1.4233814e-02
3.8800000e+02	7.4863171e-02	3.6647045e-02	1.7811898e-01	1.6392266e-01	1.4196321e-02
3.8900000e+02	7.4888940e-02	3.6649971e-02	1.7809676e-01	1.6393732e-01	1.4159441e-02
3.9000000e+02	7.4917033e-02	3.6650916e-02	1.7807875e-01	1.6395641e-01	1.4122342e-02
3.9100000e+02	7.4946493e-02	3.6651773e-02	1.7805333e-01	1.6397316e-01	1.4080172e-02
3.9200000e+02	7.4980711e-02	3.6651580e-02	1.7803112e-01	1.6399627e-01	1.4034848e-02
3.9300000e+02	7.5013697e-02	3.6652438e-02	1.7800436e-01	1.6401588e-01	1.3988481e-02
3.9400000e+02	7.5045508e-02	3.6652784e-02	1.7798680e-01	1.6403891e-01	1.3947893e-02
3.9500000e+02	7.5076277e-02	3.6654067e-02	1.7796490e-01	1.6405873e-01	1.3906174e-02
3.9600000e+02	7.5111434e-02	3.6654879e-02	1.7794658e-01	1.6408472e-01	1.3861856e-02
3.9700000e+02	7.5139355e-02	3.6657619e-02	1.7792595e-01	1.6410233e-01	1.3823619e-02
3.9800000e+02	7.5170402e-02	3.6658118e-02	1.7790785e-01	1.6412433e-01	1.3783523e-02
3.9900000e+02	7.5197138e-02	3.6659565e-02	1.7788359e-01	1.6413894e-01	1.3744659e-02
4.0000000e+02	7.5224387e-02	3.6659480e-02	1.7786369e-01	1.6415623e-01	1.3707460e-02
4.0100000e+02	7.5244914e-02	3.6660561e-02	1.7784142e-01	1.6416563e-01	1.3675798e-02
4.0200000e+02	7.5262057e-02	3.6660725e-02	1.7782863e-01	1.6417637e-01	1.3652256e-02
4.0300000e+02	7.5275059e-02	3.6662001e-02	1.7781239e-01	1.6418125e-01	1.3631135e-02
4.0400000e+02	7.5287719e-02	3.6662974e-02	1.7780222e-01	1.6418883e-01	1.3613389e-02
4.0500000e+02	7.5293352e-02	3.6664835e-02	1.7779016e-01	1.6418843e-01	1.3601727e-02
4.0600000e+02	7.5299137e-02	3.6664525e-02	1.7778408e-01	1.6419118e-01	1.3592904e-02
4.0700000e+02	7.5299509e-02	3.6664084e-02	1.7777429e-01	1.6418665e-01	1.3587637e-02
4.0800000e+02	7.5299731e-02	3.6663103e-02	1.7777142e-01	1.6418544e-01	1.3585980e-02
4.0900000e+02	7.5297004e-02	3.6662482e-02	1.7776542e-01	1.6417971e-01	1.3585707e-02
4.1000000e+02	7.5296603e-02	3.6661564e-02	1.7776579e-01	1.6417950e-01	1.3586291e-02
4.1100000e+02	7.5294144e-02	3.6661716e-02	1.7776185e-01	1.6417507e-01	1.3586781e-02
4.1200000e+02	7.5294238e-02	3.6661651e-02	1.7776240e-01	1.6417544e-01	1.3586961e-02
4.1300000e+02	7.5292977e-02	3.6662979e-02	1.7775758e-01	1.6417177e-01	1.3585812e-02
4.1400000e+02	7.5295275e-02	3.6662577e-02	1.7775672e-01	1.6417363e-01	1.3583084e-02
4.1500000e+02	7.5298857e-02	3.6662221e-02	1.7774989e-01	1.6417380e-01	1.3576089e-02
4.1600000e+02	7.5308633e-02	3.6661122e-02	1.7774663e-01	1.6418195e-01	1.3564685e-02
4.1700000e+02	7.5320146e-02	3.6660949e-02	1.7773762e-01	1.6418896e-01	1.3548663e-02
4.1800000e+02	7.5338540e-02	3.6661053e-02	1.7773169e-01	1.6420439e-01	1.3527306e-02
4.1900000e+02	7.5360493e-02	3.6661860e-02	1.7771780e-01	1.6421939e-01	1.3498406e-02
4.2000000e+02	7.5384776e-02	3.6662312e-02	1.7770795e-01	1.6423875e-01	1.3469197e-02
4.2100000e+02	7.5411907e-02	3.6662362e-02	1.7769032e-01	1.6425707e-01	1.3433254e-02
4.2200000e+02	7.5444247e-02	3.6661720e-02	1.7767578e-01	1.6428214e-01	1.3393642e-02
4.2300000e+02	7.5476866e-02	3.6661034e-02	1.7765483e-01	1.6430428e-01	1.3350548e-02
4.2400000e+02	7.5507782e-02	3.6659808e-02	1.7764156e-01	1.6432856e-01	1.3312999e-02
4.2500000e+02	7.5534883e-02	3.6660304e-02	1.7762404e-01	1.6434690e-01	1.3277136e-02
4.2600000e+02	7.5566129e-02	3.6661065e-02	1.7761022e-01	1.6437124e-01	1.3238983e-02
4.2700000e+02	7.5587402e-02	3.6663093e-02	1.7759365e-01	1.6438423e-01	1.3209421e-02
4.2800000e+02	7.5606966e-02	3.6663426e-02	1.7758307e-01	1.6439850e-01	1.3184569e-02
4.2900000e+02	7.5619259e-02	3.6663931e-02	1.7756842e-01	1.6440347e-01	1.3164952e-02
4.3000000e+02	7.5629700e-02	3.6663329e-02	1.7756075e-01	1.6441007e-01	1.3150674e-02
4.3100000e+02	7.5633621e-02	3.6663114e-02	1.7755073e-01	1.6440899e-01	1.3141745e-02
4.3200000e+02	7.5635736e-02	3.6662445e-02	1.7754919e-01	1.6441033e-01	1.3138856e-02
4.3300000e+02	7.5632348e-02	3.6662785e-02	1.7754552e-01	1.6440511e-01	1.3140414e-02
4.3400000e+02	7.5626982e-02	3.6662913e-02	1.7754878e-01	1.6440137e-01	1.3147409e-02
4.3500000e+02	7.5614920e-02	3.6663567e-02	1.7754874e-01	1.6438929e-01	1.3159450e-02
4.3600000e+02	7.5599862e-02	3.6662961e-02	1.7755559e-01	1.6437766e-01	1.3177932e-02
4.3700000e+02	7.5577075e-02	3.6662157e-02	1.7755929e-01	1.6435672e-01	1.3202571e-02
4.3800000e+02	7.5553658e-02	3.6659920e-02	1.7756966e-01	1.6433849e-01	1.3231172e-02
4.3900000e+02	7.5530856e-02	3.6658094e-02	1.7757487e-01	1.6431829e-01	1.3256580e-02
4.4000000e+02	7.5511504e-02	3.6656288e-02	1.7758572e-01	1.6430437e-01	1.3281357e-02
4.4100000e+02	7.5487166e-02	3.6656207e-02	1.7759310e-01	1.6428372e-01	1.3309385e-02
4.4200000e+02	7.5469126e-02	3.6655761e-02	1.7760447e-01	1.6427136e-01	1.3333109e-02
4.4300000e+02	7.5450706e-02	3.6655574e-02	1.7760880e-01	1.6425510e-01	1.3353693e-02
4.4400000e+02	7.5436322e-02	3.6653332e-02	1.7761565e-01	1.6424415e-01	1.3371505e-02
4.4500000e+02	7.5421957e-02	3.6652723e-02	1.7761542e-01	1.6422967e-01	1.3385755e-02
4.4600000e+02	7.5412609e-02	3.6652018e-02	1.7761878e-01	1.6422200e-01	1.3396780e-02
4.4700000e+02	7.5407911e-02	3.6652015e-02	1.7761474e-01	1.6421528e-01	1.3399461e-02
4.4800000e+02	7.5411630e-02	3.6651785e-02	1.7761362e-01	1.6421844e-01	1.3395182e-02
4.4900000e+02	7.5419409e-02	3.6653028e-02	1.7760434e-01	1.6422158e-01	1.3382762e-02
4.5000000e+02	7.5434121e-02	3.6654420e-02	1.7759805e-01	1.6423314e-01	1.3364902e-02
4.5100000e+02	7.5450549e-02	3.6655538e-02	1.7758499e-01	1.6424304e-01	1.3341944e-02
4.5200000e+02	7.5474338e-02	3.6655474e-02	1.7757409e-01	1.6426138e-01	1.3312706e-02
4.5300000e+02	7.5500088e-02	3.6655736e-02	1.7755530e-01	1.6427774e-01	1.3277564e-02
4.5400000e+02	7.5529630e-02	3.6655831e-02	1.7754134e-01	1.6430030e-01	1.3241039e-02
4.5500000e+02	7.5553176e-02	3.6656345e-02	1.7752482e-01	1.6431558e-01	1.3209233e-02
4.5600000e+02	7.5575942e-02	3.6656340e-02	1.7751522e-01	1.6433355e-01	1.3181667e-02
4.5700000e+02	7.5596382e-02	3.6658099e-02	1.7750060e-01	1.6434668e-01	1.3153917e-02
4.5800000e+02	7.5612340e-02	3.6659554e-02	1.7749374e-01	1.6435921e-01	1.3134532e-02
4.5900000e+02	7.5621736e-02	3.6660774e-02	1.7748343e-01	1.6436345e-01	1.3119978e-02
4.6000000e+02	7.5629666e-02	3.6660023e-02	1.7747989e-01	1.6436961e-01	1.3110282e-02
4.6100000e+02	7.5630487e-02	3.6659495e-02	1.7747322e-01	1.6436709e-01	1.3106121e-02
4.6200000e+02	7.5628464e-02	3.6658596e-02	1.7747436e-01	1.6436564e-01	1.3108717e-02
4.6300000e+02	7.5620825e-02	3.6657845e-02	1.7747316e-01	1.6435741e-01	1.3115756e-02
4.6400000e+02	7.5611219e-02	3.6657121e-02	1.7747989e-01	1.6435116e-01	1.3128725e-02
4.6500000e+02	7.5591624e-02	3.6657505e-02	1.7748548e-01	1.6433436e-01	1.3151115e-02
4.6600000e+02	7.5573696e-02	3.6657276e-02	1.7749656e-01	1.6432198e-01	1.3174586e-02
4.6700000e+02	7.5551616e-02	3.6657023e-02	1.7750351e-01	1.6430337e-01	1.3200139e-02
4.6800000e+02	7.5528564e-02	3.6654987e-02	1.7751706e-01	1.6428710e-01	1.3229967e-02
4.6900000e+02	7.5502840e-02	3.6653872e-02	1.7752690e-01	1.6426629e-01	1.3260611e-02
4.7000000e+02	7.5482391e-02	3.6652087e-02	1.7754130e-01	1.6425304e-01	1.3288257e-02
4.7100000e+02	7.5465849e-02	3.6651222e-02	1.7754786e-01	1.6423978e-01	1.3308082e-02
4.7200000e+02	7.5454418e-02	3.6650220e-02	1.7755816e-01	1.6423350e-01	1.3324661e-02
4.7300000e+02	7.5441110e-02	3.6650780e-02	1.7756368e-01	1.6422295e-01	1.3340728e-02
4.7400000e+02	7.5434202e-02	3.6651270e-02	1.7757127e-01	1.6421984e-01	1.3351434e-02
4.7500000e+02	7.5427715e-02	3.6651541e-02	1.7757213e-01	1.6421378e-01	1.3358349e-02
4.7600000e+02	7.5426970e-02	3.6650576e-02	1.7757522e-01	1.6421458e-01	1.3360641e-02
4.7700000e+02	7.5427877e-02	3.6650691e-02	1.7757127e-01	1.6421351e-01	1.3357758e-02
4.7800000e+02	7.5437510e-02	3.6650554e-02	1.7757037e-01	1.6422270e-01	1.3347677e-02
4.7900000e+02	7.5449740e-02	3.6651036e-02	1.7756227e-01	1.6423088e-01	1.3331397e-02
4.8000000e+02	7.5471278e-02	3.6651390e-02	1.7755613e-01	1.6424934e-01	1.3306788e-02
4.8100000e+02	7.5501167e-02	3.6652827e-02	1.7753955e-01	1.6427094e-01	1.3268607e-02
4.8200000e+02	7.5528552e-02	3.6654583e-02	1.7752953e-01	1.6429332e-01	1.3236213e-02
4.8300000e+02	7.5555403e-02	3.6655639e-02	1.7751226e-01	1.6431153e-01	1.3200725e-02
4.8400000e+02	7.5587291e-02	3.6655493e-02	1.7749779e-01	1.6433619e-01	1.3161604e-02
4.8500000e+02	7.5616790e-02	3.6656419e-02	1.7747830e-01	1.6435594e-01	1.3122357e-02
4.8600000e+02	7.5645137e-02	3.6656706e-02	1.7746639e-01	1.6437833e-01	1.3088059e-02
4.8700000e+02	7.5666661e-02	3.6657909e-02	1.7745291e-01	1.6439312e-01	1.3059796e-02
4.8800000e+02	7.5691917e-02	3.6658647e-02	1.7744326e-01	1.6441355e-01	1.3029714e-02
4.8900000e+02	7.5715530e-02	3.6660862e-02	1.7742740e-01	1.6442923e-01	1.2998170e-02
4.9000000e+02	7.5735253e-02	3.6661802e-02	1.7741890e-01	1.6444470e-01	1.2974195e-02
4.9100000e+02	7.5752508e-02	3.6662549e-02	1.7740428e-01	1.6445465e-01	1.2949630e-02
4.9200000e+02	7.5771478e-02	3.6661980e-02	1.7739411e-01	1.6446853e-01	1.2925575e-02
4.9300000e+02	7.5785234e-02	3.6662036e-02	1.7738041e-01	1.6447544e-01	1.2904971e-02
4.9400000e+02	7.5796211e-02	3.6661756e-02	1.7737562e-01	1.6448402e-01	1.2891601e-02
4.9500000e+02	7.5802586e-02	3.6662746e-02	1.7736778e-01	1.6448648e-01	1.2881305e-02
4.9600000e+02	7.5810596e-02	3.6663399e-02	1.7736553e-01	1.6449336e-01	1.2872168e-02
4.9700000e+02	7.5812328e-02	3.6665367e-02	1.7735980e-01	1.6449223e-01	1.2867574e-02
4.9800000e+02	7.5813456e-02	3.6665806e-02	1.7735947e-01	1.6449319e-01	1.2866278e-02
4.9900000e+02	7.5809504e-02	3.6666564e-02	1.7735446e-01	1.6448674e-01	1.2867728e-02
5.0000000e+02	7.5806268e-02	3.6665828e-02	1.7735510e-01	1.6448382e-01	1.2871285e-02
5.0100000e+02	7.5800055e-02	3.6666377e-02	1.7735248e-01	1.6447629e-01	1.2876186e-02
5.0200000e+02	7.5798389e-02	3.6665962e-02	1.7735567e-01	1.6447622e-01	1.2879447e-02
5.0300000e+02	7.5794146e-02	3.6667565e-02	1.7735490e-01	1.6447160e-01	1.2883304e-02
5.0400000e+02	7.5792794e-02	3.6668056e-02	1.7735889e-01	1.6447224e-01	1.2886651e-02
5.0500000e+02	7.5789111e-02	3.6670331e-02	1.7735751e-01	1.6446786e-01	1.2889643e-02
5.0600000e+02	7.5788855e-02	3.6670055e-02	1.7735965e-01	1.6446868e-01	1.2890969e-02
5.0700000e+02	7.5786162e-02	3.6670238e-02	1.7735625e-01	1.6446429e-01	1.2891964e-02
5.0800000e+02	7.5787969e-02	3.6668438e-02	1.7735685e-01	1.6446639e-01	1.2890456e-02
5.0900000e+02	7.5787359e-02	3.6668463e-02	1.7735318e-01	1.6446395e-01	1.2889232e-02
5.1000000e+02	7.5790825e-02	3.6667474e-02	1.7735441e-01	1.6446803e-01	1.2886379e-02
5.1100000e+02	7.5792821e-02	3.6668194e-02	1.7735068e-01	1.6446816e-01	1.2882517e-02
5.1200000e+02	7.5797634e-02	3.6668132e-02	1.7735185e-01	1.6447356e-01	1.2878292e-02
5.1300000e+02	7.5798973e-02	3.6668901e-02	1.7734810e-01	1.6447302e-01	1.2875079e-02
5.1400000e+02	7.5802831e-02	3.6667883e-02	1.7734925e-01	1.6447746e-01	1.2871795e-02
5.1500000e+02	7.5804163e-02	3.6667047e-02	1.7734495e-01	1.6447664e-01	1.2868314e-02
5.1600000e+02	7.5807342e-02	3.6664918e-02	1.7734579e-01	1.6448024e-01	1.2865554e-02
5.1700000e+02	7.5807808e-02	3.6664645e-02	1.7734229e-01	1.6447895e-01	1.2863338e-02
5.1800000e+02	7.5812098e-02	3.6663816e-02	1.7734396e-01	1.6448408e-01	1.2859882e-02
5.1900000e+02	7.5814669e-02	3.6664763e-02	1.7734098e-01	1.6448516e-01	1.2855820e-02
5.2000000e+02	7.5819491e-02	3.6664545e-02	1.7734247e-01	1.6449072e-01	1.2851742e-02
5.2100000e+02	7.5820565e-02	3.6664949e-02	1.7733922e-01	1.6449017e-01	1.2849044e-02
5.2200000e+02	7.5825140e-02	3.6663503e-02	1.7733963e-01	1.6449495e-01	1.2844674e-02
5.2300000e+02	7.5828106e-02	3.6663139e-02	1.7733529e-01	1.6449575e-01	1.2839540e-02
5.2400000e+02	7.5834931e-02	3.6661727e-02	1.7733568e-01	1.6450277e-01	1.2832911e-02
5.2500000e+02	7.5839958e-02	3.6661865e-02	1.7733135e-01	1.6450563e-01	1.2825717e-02
5.2600000e+02	7.5848948e-02	3.6661764e-02	1.7733146e-01	1.6451468e-01	1.2816781e-02
5.2700000e+02	7.5855834e-02	3.6663482e-02	1.7732644e-01	1.6451905e-01	1.2807386e-02
5.2800000e+02	7.5864668e-02	3.6663571e-02	1.7732549e-01	1.6452741e-01	1.2798075e-02
5.2900000e+02	7.5871474e-02	3.6664189e-02	1.7731943e-01	1.6453119e-01	1.2788240e-02
5.3000000e+02	7.5881736e-02	3.6663231e-02	1.7731737e-01	1.6454042e-01	1.2776947e-02
5.3100000e+02	7.5888490e-02	3.6663965e-02	1.7731075e-01	1.6454387e-01	1.2766886e-02
5.3200000e+02	7.5897529e-02	3.6663453e-02	1.7730985e-01	1.6455245e-01	1.2757396e-02
5.3300000e+02	7.5903778e-02	3.6664865e-02	1.7730456e-01	1.6455606e-01	1.2748505e-02
5.3400000e+02	7.5913162e-02	3.6665283e-02	1.7730382e-01	1.6456507e-01	1.2738750e-02
5.3500000e+02	7.5916480e-02	3.6667132e-02	1.7729903e-01	1.6456600e-01	1.2733037e-02
5.3600000e+02	7.5920068e-02	3.6666801e-02	1.7729932e-01	1.6456973e-01	1.2729591e-02
5.3700000e+02	7.5918067e-02	3.6666960e-02	1.7729535e-01	1.6456574e-01	1.2729610e-02
5.3800000e+02	7.5916024e-02	3.6665383e-02	1.7729730e-01	1.6456467e-01	1.2732627e-02
5.3900000e+02	7.5908242e-02	3.6665575e-02	1.7729687e-01	1.6455668e-01	1.2740193e-02
5.4000000e+02	7.5900718e-02	3.6664517e-02	1.7730348e-01	1.6455246e-01	1.2751021e-02
5.4100000e+02	7.5885333e-02	3.6664785e-02	1.7730903e-01	1.6453985e-01	1.2769184e-02
5.4200000e+02	7.5871340e-02	3.6664271e-02	1.7731995e-01	1.6453131e-01	1.2788636e-02
5.4300000e+02	7.5852207e-02	3.6664096e-02	1.7732626e-01	1.6451534e-01	1.2810920e-02
5.4400000e+02	7.5831870e-02	3.6661892e-02	1.7733852e-01	1.6450113e-01	1.2837390e-02
5.4500000e+02	7.5807534e-02	3.6659826e-02	1.7734595e-01	1.6448051e-01	1.2865443e-02
5.4600000e+02	7.5787389e-02	3.6657287e-02	1.7735842e-01	1.6446660e-01	1.2891823e-02
5.4700000e+02	7.5767941e-02	3.6656308e-02	1.7736540e-01	1.6445064e-01	1.2914761e-02
5.4800000e+02	7.5751298e-02	3.6655326e-02	1.7737784e-01	1.6444022e-01	1.2937621e-02
5.4900000e+02	7.5730459e-02	3.6655571e-02	1.7738583e-01	1.6442337e-01	1.2962457e-02
5.5000000e+02	7.5714857e-02	3.6655514e-02	1.7739677e-01	1.6441324e-01	1.2983530e-02
5.5100000e+02	7.5697633e-02	3.6655833e-02	1.7740164e-01	1.6439845e-01	1.3003185e-02
5.5200000e+02	7.5683700e-02	3.6654741e-02	1.7740999e-01	1.6438870e-01	1.3021297e-02
5.5300000e+02	7.5670115e-02	3.6654333e-02	1.7741191e-01	1.6437607e-01	1.3035841e-02
5.5400000e+02	7.5664192e-02	3.6653460e-02	1.7741721e-01	1.6437280e-01	1.3044413e-02
5.5500000e+02	7.5661817e-02	3.6653994e-02	1.7741583e-01	1.6436973e-01	1.3046099e-02
5.5600000e+02	7.5668208e-02	3.6654102e-02	1.7741701e-01	1.6437671e-01	1.3040296e-02
5.5700000e+02	7.5677640e-02	3.6656388e-02	1.7741088e-01	1.6438308e-01	1.3027799e-02
5.5800000e+02	7.5692902e-02	3.6657426e-02	1.7740715e-01	1.6439648e-01	1.3010675e-02
5.5900000e+02	7.5711276e-02	3.6658935e-02	1.7739537e-01	1.6440896e-01	1.2986408e-02
5.6000000e+02	7.5737215e-02	3.6658786e-02	1.7738485e-01	1.6442964e-01	1.2955212e-02
5.6100000e+02	7.5762385e-02	3.6659417e-02	1.7736769e-01	1.6444623e-01	1.2921462e-02
5.6200000e+02	7.5788681e-02	3.6659222e-02	1.7735701e-01	1.6446719e-01	1.2889824e-02
5.6300000e+02	7.5813443e-02	3.6661750e-02	1.7734164e-01	1.6448426e-01	1.2857376e-02
5.6400000e+02	7.5842690e-02	3.6663508e-02	1.7733055e-01	1.6450797e-01	1.2822585e-02
5.6500000e+02	7.5863786e-02	3.6666311e-02	1.7731673e-01	1.6452215e-01	1.2794580e-02
5.6600000e+02	7.5886462e-02	3.6666843e-02	1.7730799e-01	1.6454046e-01	1.2767534e-02
5.6700000e+02	7.5904034e-02	3.6668554e-02	1.7729532e-01	1.6455170e-01	1.2743626e-02
5.6800000e+02	7.5922103e-02	3.6668296e-02	1.7728924e-01	1.6456672e-01	1.2722515e-02
5.6900000e+02	7.5934690e-02	3.6668549e-02	1.7727997e-01	1.6457467e-01	1.2705293e-02
5.7000000e+02	7.5948778e-02	3.6668901e-02	1.7727628e-01	1.6458692e-01	1.2689364e-02
5.7100000e+02	7.5958412e-02	3.6670153e-02	1.7726885e-01	1.6459284e-01	1.2676015e-02
5.7200000e+02	7.5963815e-02	3.6671227e-02	1.7726916e-01	1.6459840e-01	1.2670766e-02
5.7300000e+02	7.5963111e-02	3.6671599e-02	1.7726589e-01	1.6459605e-01	1.2669832e-02
5.7400000e+02	7.5958477e-02	3.6670723e-02	1.7726998e-01	1.6459347e-01	1.2676512e-02
5.7500000e+02	7.5944890e-02	3.6670328e-02	1.7727175e-01	1.6458077e-01	1.2690985e-02
5.7600000e+02	7.5930548e-02	3.6669087e-02	1.7728078e-01	1.6457094e-01	1.2709843e-02
5.7700000e+02	7.5907625e-02	3.6669145e-02	1.7728942e-01	1.6455234e-01	1.2737088e-02
5.7800000e+02	7.5882541e-02	3.6668469e-02	1.7730608e-01	1.6453558e-01	1.2770500e-02
5.7900000e+02	7.5858857e-02	3.6668326e-02	1.7731526e-01	1.6451649e-01	1.2798773e-02
5.8000000e+02	7.5836192e-02	3.6666606e-02	1.7733022e-01	1.6450130e-01	1.2828918e-02
5.8100000e+02	7.5811293e-02	3.6664950e-02	1.7733978e-01	1.6448118e-01	1.2858600e-02
5.8200000e+02	7.5792525e-02	3.6662537e-02	1.7735318e-01	1.6446912e-01	1.2884065e-02
5.8300000e+02	7.5776517e-02	3.6661532e-02	1.7735953e-01	1.6445628e-01	1.2903250e-02
5.8400000e+02	7.5763882e-02	3.6660336e-02	1.7737127e-01	1.6444952e-01	1.2921753e-02
5.8500000e+02	7.5749581e-02	3.6660853e-02	1.7737798e-01	1.6443857e-01	1.2939409e-02
5.8600000e+02	7.5740821e-02	3.6661034e-02	1.7738769e-01	1.6443467e-01	1.2953025e-02
5.8700000e+02	7.5730609e-02	3.6661217e-02	1.7739167e-01	1.6442644e-01	1.2965226e-02
5.8800000e+02	7.5724961e-02	3.6659551e-02	1.7739856e-01	1.6442424e-01	1.2974321e-02
5.8900000e+02	7.5721526e-02	3.6658843e-02	1.7739781e-01	1.6442043e-01	1.2977381e-02
5.9000000e+02	7.5726719e-02	3.6657638e-02	1.7739900e-01	1.6442622e-01	1.2972779e-02
5.9100000e+02	7.5737273e-02	3.6657830e-02	1.7739190e-01	1.6443322e-01	1.2958678e-02
5.9200000e+02	7.5758128e-02	3.6657857e-02	1.7738626e-01	1.6445126e-01	1.2935004e-02
5.9300000e+02	7.5777010e-02	3.6659335e-02	1.7737476e-01	1.6446439e-01	1.2910369e-02
5.9400000e+02	7.5804031e-02	3.6659128e-02	1.7736471e-01	1.6448638e-01	1.2878321e-02
5.9500000e+02	7.5830642e-02	3.6659224e-02	1.7734851e-01	1.6450490e-01	1.2843612e-02
5.9600000e+02	7.5856797e-02	3.6659024e-02	1.7733845e-01	1.6452602e-01	1.2812425e-02
5.9700000e+02	7.5875816e-02	3.6659497e-02	1.7732539e-01	1.6453851e-01	1.2786878e-02
5.9800000e+02	7.5897897e-02	3.6660301e-02	1.7731723e-01	1.6455651e-01	1.2760718e-02
5.9900000e+02	7.5918602e-02	3.6662151e-02	1.7730379e-01	1.6457050e-01	1.2733293e-02
6.0000000e+02	7.5936211e-02	3.6663275e-02	1.7729822e-01	1.6458532e-01	1.2712896e-02
